the mean of prob-rank is 32.0
the number of false negative edges is 0
the number of probability greater than 0 is 32.28/edge
TYPE: Probability
DIMENSION: 100
 0.000032 0.000000 0.000000 0.000009 0.000000 0.028824 0.000000 0.078264 0.000000 0.006081 0.000070 0.000000 0.000000 0.000000 0.000086 0.000000 0.000099 0.000000 0.000011 0.000000 0.000127 0.000000 0.000109 0.000000 0.000009 0.000091 0.000000 0.082312 0.000000 0.000000 0.000003 0.003242 0.000000 0.000000 0.000000 0.000029 0.000000 0.000000 0.000000 0.000000 0.000000 0.003620 0.000000 0.000000 0.000118 0.000000 0.105340 0.000000 0.004610 0.000000 0.000039 0.000000 0.000000 0.000000 0.000000 0.001072 0.000000 0.000944 0.000222 0.002544 0.000023 0.000000 0.289144 0.000000 0.000004 0.000008 0.138956 0.000000 0.000000 0.000000 0.000000 0.000545 0.000000 0.000100 0.001571 0.000000 0.000335 0.000000 0.000000 0.000006 0.000032 0.000000 0.000000 0.000015 0.000000 0.000000 0.000000 0.000000 0.000010 0.000514 0.001148 0.204040 0.041032 0.000000 0.000000 0.000000 0.000012 0.004598 0.000000 0.000000
 0.000000 0.000097 0.000000 0.000000 0.000008 0.000000 0.000001 0.000000 0.000002 0.000000 0.000000 0.000000 0.000043 0.000000 0.000000 0.000000 0.000000 0.000000 0.000000 0.000000 0.000000 0.000000 0.000000 0.000000 0.000011 0.000000 0.000000 0.000006 0.000000 0.000084 0.000000 0.000000 0.000016 0.000009 0.000000 0.000000 0.000016 0.000000 0.000727 0.073191 0.000000 0.000000 0.000000 0.335722 0.000000 0.000000 0.000000 0.000028 0.000000 0.035724 0.000050 0.000006 0.000000 0.072437 0.000000 0.000000 0.000000 0.000030 0.000000 0.000000 0.000012 0.000000 0.000000 0.179464 0.000000 0.000000 0.000009 0.000881 0.007643 0.000000 0.000000 0.000000 0.018903 0.000000 0.000000 0.000016 0.000000 0.000005 0.000000 0.000000 0.000026 0.273030 0.000000 0.000000 0.000623 0.000000 0.000001 0.000000 0.000353 0.000000 0.000000 0.000000 0.000000 0.000000 0.000794 0.000032 0.000000 0.000000 0.000000 0.000000
 0.000000 0.000000 0.000004 0.000000 0.000001 0.000000 0.000024 0.000000 0.000123 0.000000 0.000000 0.000503 0.000010 0.272591 0.000000 0.000000 0.000000 0.000000 0.000000 0.000004 0.000000 0.000000 0.000000 0.000000 0.000000 0.000000 0.000759 0.000000 0.186300 0.020731 0.000000 0.000000 0.000005 0.010789 0.000000 0.000000 0.000002 0.000000 0.000025 0.000000 0.089733 0.000000 0.209734 0.000000 0.000000 0.163670 0.000000 0.000388 0.000000 0.000000 0.000000 0.000012 0.000000 0.000000 0.000896 0.000000 0.000002 0.000000 0.000000 0.000000 0.000000 0.000000 0.000000 0.000000 0.000000 0.000000 0.000000 0.000197 0.000000 0.000000 0.041138 0.000000 0.000000 0.000000 0.000000 0.000009 0.000000 0.000008 0.000000 0.000000 0.000000 0.000000 0.001338 0.000000 0.000485 0.000065 0.000000 0.000000 0.000000 0.000000 0.000000 0.000000 0.000000 0.000000 0.000000 0.000011 0.000000 0.000000 0.000000 0.000443
 0.000009 0.000000 0.000000 0.000011 0.000000 0.000299 0.000000 0.000282 0.000000 0.000007 0.000000 0.000000 0.000000 0.000000 0.000000 0.000183 0.000000 0.000074 0.146098 0.000000 0.000000 0.000078 0.000000 0.000014 0.000000 0.136702 0.000000 0.000001 0.000000 0.000000 0.000049 0.000000 0.000000 0.000000 0.000000 0.000000 0.000000 0.000012 0.000000 0.000000 0.000000 0.000067 0.000000 0.000000 0.000000 0.000000 0.000000 0.000000 0.000783 0.000000 0.000000 0.000000 0.020511 0.000000 0.000000 0.022644 0.000000 0.000000 0.000000 0.000000 0.000000 0.000000 0.000048 0.000000 0.264849 0.147786 0.000074 0.000000 0.000000 0.002150 0.000000 0.000000 0.000000 0.000000 0.061937 0.000000 0.000000 0.000000 0.002658 0.000770 0.000000 0.000000 0.000000 0.000003 0.000000 0.000000 0.000000 0.000119 0.000014 0.000200 0.000000 0.000967 0.000000 0.000023 0.000000 0.000000 0.190579 0.000000 0.000000 0.000000
 0.000000 0.000015 0.000002 0.000000 0.000001 0.000000 0.000000 0.000000 0.000000 0.000000 0.000000 0.000000 0.016938 0.000507 0.000000 0.000000 0.000000 0.000000 0.000000 0.000000 0.000000 0.000000 0.000000 0.000000 0.000000 0.000000 0.000000 0.000000 0.000033 0.000941 0.000000 0.000000 0.049442 0.000000 0.000000 0.000000 0.440085 0.000000 0.029602 0.000000 0.000041 0.000000 0.000000 0.000009 0.000000 0.000000 0.000000 0.010694 0.000000 0.000036 0.000000 0.135020 0.000000 0.000000 0.000000 0.000000 0.000000 0.000000 0.000000 0.000000 0.000000 0.000000 0.000000 0.000001 0.000000 0.000000 0.000000 0.000204 0.000000 0.000000 0.000014 0.000000 0.000001 0.000000 0.000000 0.006500 0.000000 0.146162 0.000000 0.000000 0.000000 0.000067 0.000000 0.000000 0.000080 0.000000 0.000000 0.000000 0.000000 0.000000 0.000000 0.000000 0.000000 0.000000 0.000018 0.162489 0.000000 0.000000 0.000000 0.001097
 0.033464 0.000000 0.000000 0.000331 0.000000 0.000001 0.000000 0.018272 0.000000 0.011513 0.000000 0.000000 0.000000 0.000000 0.000000 0.000000 0.000000 0.000000 0.008973 0.000000 0.000003 0.000000 0.000002 0.000000 0.000000 0.001091 0.000000 0.000063 0.000000 0.000000 0.000011 0.000221 0.000000 0.000000 0.000000 0.000001 0.000000 0.000000 0.000000 0.000000 0.000000 0.000050 0.000000 0.000000 0.000000 0.000000 0.008283 0.000000 0.316999 0.000000 0.000001 0.000000 0.000286 0.000000 0.000000 0.000247 0.000000 0.000006 0.000014 0.000000 0.000000 0.000000 0.366561 0.000000 0.000135 0.000141 0.000258 0.000000 0.000000 0.000000 0.000000 0.000021 0.000000 0.000001 0.057141 0.000000 0.000005 0.000000 0.000096 0.000024 0.000001 0.000000 0.000000 0.000210 0.000000 0.000000 0.000000 0.000000 0.000013 0.038832 0.000008 0.135933 0.000066 0.000000 0.000000 0.000000 0.000678 0.000041 0.000003 0.000000
 0.000000 0.000001 0.000016 0.000000 0.000000 0.000000 0.000001 0.000000 0.331405 0.000000 0.000000 0.154307 0.000000 0.000089 0.000000 0.000000 0.000000 0.000000 0.000000 0.058429 0.000000 0.000000 0.000107 0.000000 0.002747 0.000000 0.009579 0.000000 0.000955 0.002943 0.000000 0.000000 0.000000 0.085193 0.000113 0.000000 0.000000 0.000000 0.000044 0.000001 0.000010 0.000000 0.000135 0.000002 0.000006 0.000120 0.000000 0.000005 0.000000 0.000006 0.005604 0.000000 0.000000 0.000000 0.047228 0.000000 0.150129 0.000000 0.000000 0.000011 0.000368 0.000101 0.000000 0.000001 0.000000 0.000000 0.000000 0.000112 0.000002 0.000000 0.000003 0.000000 0.000020 0.000000 0.000000 0.000000 0.001195 0.000000 0.000000 0.000000 0.000016 0.000000 0.051594 0.000000 0.011175 0.018882 0.067329 0.000000 0.000000 0.000000 0.000002 0.000000 0.000000 0.000000 0.000000 0.000003 0.000000 0.000011 0.000000 0.000001
 0.094655 0.000000 0.000000 0.000326 0.000000 0.019034 0.000000 0.000082 0.000000 0.000031 0.000000 0.000000 0.000000 0.000000 0.000000 0.000000 0.000000 0.000000 0.000356 0.000000 0.000000 0.000000 0.000045 0.000000 0.000017 0.000610 0.000000 0.013501 0.000000 0.000000 0.000502 0.000045 0.000000 0.000000 0.000000 0.000000 0.000000 0.000000 0.000000 0.000000 0.000000 0.232847 0.000000 0.000000 0.000000 0.000000 0.000606 0.000000 0.001094 0.000000 0.000011 0.000000 0.000000 0.000000 0.000000 0.051168 0.000000 0.000454 0.000000 0.000000 0.000039 0.000000 0.003269 0.000000 0.000026 0.000080 0.213822 0.000000 0.000000 0.000000 0.000000 0.000000 0.000000 0.000000 0.023992 0.000000 0.000074 0.000000 0.000000 0.003876 0.000076 0.000000 0.000000 0.000000 0.000000 0.000000 0.000000 0.000000 0.009098 0.000021 0.000027 0.317007 0.009133 0.000000 0.000000 0.000000 0.003955 0.000121 0.000000 0.000000
 0.000000 0.000002 0.000085 0.000000 0.000000 0.000000 0.335144 0.000000 0.000002 0.000000 0.000000 0.096999 0.000000 0.000432 0.000000 0.000000 0.000000 0.000000 0.000000 0.031300 0.000000 0.000000 0.000089 0.000000 0.006733 0.000000 0.002762 0.000000 0.011251 0.009522 0.000000 0.000000 0.000000 0.091345 0.000051 0.000000 0.000000 0.000000 0.000076 0.000003 0.000023 0.000000 0.000542 0.000004 0.000007 0.000898 0.000000 0.000032 0.000000 0.000024 0.017212 0.000000 0.000000 0.000000 0.032275 0.000000 0.139679 0.000000 0.000000 0.000008 0.000932 0.000074 0.000000 0.000003 0.000000 0.000000 0.000000 0.000429 0.000008 0.000000 0.000006 0.000000 0.000080 0.000000 0.000000 0.000000 0.000880 0.000000 0.000000 0.000000 0.000072 0.000000 0.040909 0.000000 0.053680 0.003439 0.122945 0.000000 0.000000 0.000000 0.000003 0.000000 0.000000 0.000000 0.000000 0.000023 0.000000 0.000008 0.000000 0.000009
 0.005292 0.000000 0.000000 0.000005 0.000000 0.008630 0.000000 0.000022 0.000000 0.000018 0.000070 0.000000 0.000000 0.000000 0.000039 0.000007 0.000619 0.000154 0.000165 0.000000 0.002538 0.000004 0.000004 0.000116 0.000000 0.000016 0.000000 0.000013 0.000000 0.000000 0.000000 0.043019 0.000000 0.000000 0.000000 0.008612 0.000000 0.002519 0.000000 0.000000 0.000000 0.000005 0.000000 0.000000 0.000012 0.000000 0.029727 0.000000 0.011481 0.000000 0.000000 0.000000 0.000842 0.000000 0.000000 0.000012 0.000000 0.000002 0.001396 0.000014 0.000000 0.000000 0.206760 0.000000 0.000001 0.000007 0.000064 0.000000 0.000000 0.000016 0.000000 0.126180 0.000000 0.000444 0.002068 0.000000 0.000005 0.000000 0.018512 0.000000 0.000000 0.000000 0.000000 0.326389 0.000000 0.000000 0.000000 0.000016 0.000000 0.202960 0.000411 0.000475 0.000006 0.000027 0.000000 0.000000 0.000001 0.000258 0.000050 0.000000
 0.000146 0.000000 0.000000 0.000000 0.000000 0.000000 0.000000 0.000000 0.000000 0.000168 0.000001 0.000000 0.000000 0.000000 0.245176 0.000000 0.244507 0.000000 0.000000 0.000000 0.034054 0.000000 0.001674 0.000000 0.000000 0.000000 0.000000 0.000000 0.000000 0.000000 0.000000 0.274030 0.000000 0.000000 0.000000 0.000508 0.000000 0.000000 0.000000 0.000000 0.000000 0.000000 0.000000 0.000000 0.074422 0.000000 0.033540 0.000000 0.000000 0.000000 0.000000 0.000000 0.000000 0.000000 0.000000 0.000000 0.000000 0.000000 0.021310 0.002628 0.000000 0.000000 0.002628 0.000000 0.000000 0.000000 0.000000 0.000000 0.000000 0.000000 0.000000 0.009038 0.000000 0.023463 0.000000 0.000000 0.002264 0.000000 0.000000 0.000000 0.000000 0.000000 0.000000 0.000021 0.000000 0.000000 0.000000 0.000000 0.000000 0.000000 0.027405 0.000000 0.000000 0.000000 0.000000 0.000000 0.000000 0.003019 0.000000 0.000000
 0.000000 0.000000 0.000298 0.000000 0.000000 0.000000 0.134566 0.000000 0.083646 0.000000 0.000000 0.000004 0.000000 0.000422 0.000000 0.000000 0.000000 0.000000 0.000000 0.113702 0.000000 0.000000 0.000092 0.000000 0.000232 0.000000 0.157648 0.000000 0.002314 0.001115 0.000000 0.000000 0.000000 0.037444 0.016956 0.000000 0.000000 0.000000 0.000002 0.000000 0.000037 0.000000 0.004634 0.000000 0.000009 0.002176 0.000000 0.000015 0.000000 0.000000 0.000650 0.000000 0.000000 0.000000 0.180983 0.000000 0.061693 0.000000 0.000000 0.000010 0.000068 0.000154 0.000000 0.000000 0.000000 0.000000 0.000000 0.000000 0.000000 0.000000 0.000006 0.000000 0.000000 0.000000 0.000000 0.000000 0.000574 0.000000 0.000000 0.000000 0.000000 0.000000 0.116881 0.000000 0.000421 0.082449 0.000766 0.000000 0.000000 0.000000 0.000003 0.000000 0.000000 0.000000 0.000000 0.000010 0.000000 0.000017 0.000000 0.000003
 0.000000 0.000064 0.000011 0.000000 0.014275 0.000000 0.000000 0.000000 0.000000 0.000000 0.000000 0.000000 0.000001 0.000124 0.000000 0.000000 0.000000 0.000000 0.000000 0.000000 0.000000 0.000000 0.000000 0.000000 0.000000 0.000000 0.000000 0.000000 0.000104 0.003247 0.000000 0.000000 0.294249 0.000000 0.000000 0.000000 0.079470 0.000000 0.053609 0.000000 0.000047 0.000000 0.000000 0.000045 0.000000 0.000000 0.000000 0.002432 0.000000 0.000077 0.000000 0.005923 0.000000 0.000000 0.000000 0.000000 0.000000 0.000000 0.000000 0.000000 0.000000 0.000000 0.000000 0.000001 0.000000 0.000000 0.000000 0.063533 0.000000 0.000000 0.000022 0.000000 0.000001 0.000000 0.000000 0.326419 0.000000 0.007138 0.000000 0.000000 0.000000 0.003515 0.000000 0.000000 0.006754 0.000000 0.000000 0.000000 0.000000 0.000000 0.000000 0.000000 0.000000 0.000000 0.123872 0.014956 0.000000 0.000000 0.000000 0.000110
 0.000000 0.000000 0.146717 0.000000 0.000204 0.000000 0.000071 0.000000 0.000338 0.000000 0.000000 0.000383 0.000059 0.000164 0.000000 0.000000 0.000000 0.000000 0.000000 0.000004 0.000000 0.000000 0.000000 0.000000 0.000000 0.000000 0.000306 0.000000 0.115352 0.141584 0.000000 0.000000 0.000029 0.011729 0.000000 0.000000 0.000195 0.000000 0.013938 0.000000 0.107980 0.000000 0.067935 0.000033 0.000000 0.029123 0.000000 0.126211 0.000000 0.000007 0.000000 0.001545 0.000000 0.000000 0.001658 0.000000 0.000004 0.000000 0.000000 0.000000 0.000000 0.000000 0.000000 0.000000 0.000000 0.000000 0.000000 0.001205 0.000000 0.000000 0.119268 0.000000 0.000000 0.000000 0.000000 0.000032 0.000000 0.001067 0.000000 0.000000 0.000000 0.000010 0.001879 0.000000 0.010165 0.000027 0.000000 0.000000 0.000000 0.000000 0.000000 0.000000 0.000000 0.000000 0.000005 0.002480 0.000000 0.000000 0.000000 0.098296
 0.000244 0.000000 0.000000 0.000000 0.000000 0.000000 0.000000 0.000000 0.000000 0.000126 0.336214 0.000000 0.000000 0.000000 0.000000 0.000000 0.451183 0.000000 0.000000 0.000000 0.007877 0.000000 0.000455 0.000000 0.000000 0.000000 0.000000 0.000000 0.000000 0.000000 0.000000 0.105278 0.000000 0.000000 0.000000 0.000436 0.000000 0.000000 0.000000 0.000000 0.000000 0.000000 0.000000 0.000000 0.039004 0.000000 0.004411 0.000000 0.000000 0.000000 0.000000 0.000000 0.000000 0.000000 0.000000 0.000000 0.000000 0.000000 0.032592 0.002721 0.000000 0.000000 0.001861 0.000000 0.000000 0.000000 0.000000 0.000000 0.000000 0.000000 0.000000 0.001479 0.000000 0.010168 0.000000 0.000000 0.001916 0.000000 0.000000 0.000000 0.000000 0.000000 0.000000 0.000013 0.000000 0.000000 0.000000 0.000000 0.000000 0.000000 0.003234 0.000000 0.000000 0.000000 0.000000 0.000000 0.000000 0.000789 0.000000 0.000000
 0.000000 0.000000 0.000000 0.000388 0.000000 0.000000 0.000000 0.000000 0.000000 0.000018 0.000000 0.000000 0.000000 0.000000 0.000000 0.000000 0.000005 0.003378 0.000486 0.000000 0.000001 0.250011 0.000000 0.000307 0.000000 0.000286 0.000000 0.000000 0.000000 0.000000 0.000000 0.000000 0.000000 0.000000 0.000000 0.000007 0.000000 0.000199 0.000000 0.000000 0.000000 0.000000 0.000000 0.000000 0.000000 0.000000 0.000000 0.000000 0.000000 0.000000 0.000000 0.000000 0.147857 0.000000 0.000000 0.000000 0.000000 0.000000 0.000002 0.000000 0.000000 0.000000 0.000000 0.000000 0.000046 0.004125 0.000000 0.000000 0.000000 0.133319 0.000000 0.000002 0.000000 0.000001 0.000199 0.000000 0.000000 0.000000 0.032402 0.000000 0.000000 0.000000 0.000000 0.000016 0.000000 0.000000 0.000000 0.318748 0.000000 0.000149 0.000000 0.000000 0.000000 0.108040 0.000000 0.000000 0.000005 0.000000 0.000003 0.000000
 0.000196 0.000000 0.000000 0.000000 0.000000 0.000000 0.000000 0.000000 0.000000 0.001405 0.232349 0.000000 0.000000 0.000000 0.312654 0.000005 0.000113 0.000108 0.000000 0.000000 0.075207 0.000011 0.000247 0.000053 0.000000 0.000000 0.000000 0.000000 0.000000 0.000000 0.000000 0.052532 0.000000 0.000000 0.000000 0.015604 0.000000 0.000054 0.000000 0.000000 0.000000 0.000000 0.000000 0.000000 0.017822 0.000000 0.003159 0.000000 0.000000 0.000000 0.000000 0.000000 0.000094 0.000000 0.000000 0.000000 0.000000 0.000000 0.141070 0.001474 0.000000 0.000000 0.001178 0.000000 0.000000 0.000000 0.000000 0.000000 0.000000 0.000000 0.000000 0.027541 0.000000 0.106018 0.000000 0.000000 0.001336 0.000000 0.000555 0.000000 0.000000 0.000000 0.000000 0.003686 0.000000 0.000000 0.000000 0.000007 0.000000 0.001716 0.001808 0.000000 0.000000 0.000016 0.000000 0.000000 0.000000 0.000441 0.001540 0.000000
 0.000000 0.000000 0.000000 0.000111 0.000000 0.000001 0.000000 0.000000 0.000000 0.000280 0.000000 0.000000 0.000000 0.000000 0.000000 0.002406 0.000086 0.000008 0.000175 0.000000 0.000051 0.001272 0.000000 0.331650 0.000000 0.000021 0.000000 0.000000 0.000000 0.000000 0.000000 0.000000 0.000000 0.000000 0.000000 0.000297 0.000000 0.116551 0.000000 0.000000 0.000000 0.000000 0.000000 0.000000 0.000000 0.000000 0.000000 0.000000 0.000002 0.000000 0.000000 0.000000 0.008776 0.000000 0.000000 0.000000 0.000000 0.000000 0.000014 0.000000 0.000000 0.000000 0.000071 0.000000 0.000002 0.000018 0.000000 0.000000 0.000000 0.000070 0.000000 0.000124 0.000000 0.000011 0.000227 0.000000 0.000000 0.000000 0.253758 0.000000 0.000000 0.000000 0.000000 0.005376 0.000000 0.000000 0.000000 0.017699 0.000000 0.000696 0.000000 0.000000 0.000000 0.258661 0.000000 0.000000 0.000015 0.000000 0.001572 0.000000
 0.000013 0.000000 0.000000 0.164105 0.000000 0.009103 0.000000 0.000346 0.000000 0.000224 0.000000 0.000000 0.000000 0.000000 0.000000 0.000258 0.000000 0.000130 0.000055 0.000000 0.000000 0.000041 0.000000 0.000031 0.000000 0.011606 0.000000 0.000004 0.000000 0.000000 0.000031 0.000000 0.000000 0.000000 0.000000 0.000000 0.000000 0.000032 0.000000 0.000000 0.000000 0.000074 0.000000 0.000000 0.000000 0.000000 0.000000 0.000000 0.058913 0.000000 0.000000 0.000000 0.107881 0.000000 0.000000 0.000677 0.000000 0.000000 0.000000 0.000000 0.000000 0.000000 0.000238 0.000000 0.008618 0.155973 0.000657 0.000000 0.000000 0.000551 0.000000 0.000000 0.000000 0.000000 0.318965 0.000000 0.000000 0.000000 0.024354 0.000070 0.000000 0.000000 0.000000 0.000072 0.000000 0.000000 0.000000 0.000755 0.000088 0.058896 0.000000 0.005749 0.000000 0.000066 0.000000 0.000000 0.071424 0.000000 0.000000 0.000000
 0.000000 0.000000 0.000004 0.000000 0.000000 0.000000 0.091447 0.000000 0.048441 0.000000 0.000000 0.204064 0.000000 0.000007 0.000000 0.000000 0.000000 0.000000 0.000000 0.000009 0.000000 0.000000 0.011489 0.000000 0.002545 0.000000 0.096531 0.000000 0.000019 0.000019 0.000000 0.000000 0.000000 0.003722 0.076830 0.000000 0.000000 0.000000 0.000000 0.000000 0.000003 0.000000 0.000022 0.000000 0.000461 0.000018 0.000000 0.000001 0.000000 0.000000 0.014699 0.000000 0.000000 0.000000 0.030272 0.000000 0.079507 0.000000 0.000000 0.003469 0.001239 0.052538 0.000000 0.000000 0.000000 0.000000 0.000000 0.000000 0.000000 0.000000 0.000001 0.000000 0.000000 0.000000 0.000000 0.000000 0.080997 0.000000 0.000000 0.000000 0.000000 0.000000 0.014920 0.000000 0.000000 0.178581 0.006983 0.000000 0.000000 0.000000 0.000093 0.000000 0.000000 0.000000 0.000000 0.000000 0.000000 0.001068 0.000000 0.000000
 0.000142 0.000000 0.000000 0.000000 0.000000 0.000003 0.000000 0.000000 0.000000 0.003251 0.018275 0.000000 0.000000 0.000000 0.003083 0.000000 0.042472 0.000036 0.000000 0.000000 0.000002 0.000000 0.000096 0.000009 0.000000 0.000000 0.000000 0.000000 0.000000 0.000000 0.000000 0.003483 0.000000 0.000000 0.000000 0.111634 0.000000 0.000018 0.000000 0.000000 0.000000 0.000000 0.000000 0.000000 0.000227 0.000000 0.006628 0.000000 0.000003 0.000000 0.000000 0.000000 0.000007 0.000000 0.000000 0.000000 0.000000 0.000000 0.192595 0.000334 0.000000 0.000000 0.017035 0.000000 0.000000 0.000000 0.000000 0.000000 0.000000 0.000000 0.000000 0.291124 0.000000 0.296969 0.000000 0.000000 0.000710 0.000000 0.000439 0.000000 0.000000 0.000000 0.000000 0.010307 0.000000 0.000000 0.000000 0.000002 0.000000 0.000366 0.000491 0.000000 0.000000 0.000002 0.000000 0.000000 0.000000 0.000198 0.000061 0.000000
 0.000000 0.000000 0.000000 0.000186 0.000000 0.000000 0.000000 0.000000 0.000000 0.000010 0.000000 0.000000 0.000000 0.000000 0.000000 0.283044 0.000014 0.002022 0.000086 0.000000 0.000001 0.000000 0.000000 0.000191 0.000000 0.000364 0.000000 0.000000 0.000000 0.000000 0.000000 0.000000 0.000000 0.000000 0.000000 0.000003 0.000000 0.000163 0.000000 0.000000 0.000000 0.000000 0.000000 0.000000 0.000000 0.000000 0.000000 0.000000 0.000000 0.000000 0.000000 0.000000 0.029000 0.000000 0.000000 0.000000 0.000000 0.000000 0.000001 0.000000 0.000000 0.000000 0.000000 0.000000 0.000026 0.001886 0.000000 0.000000 0.000000 0.199827 0.000000 0.000001 0.000000 0.000001 0.000120 0.000000 0.000000 0.000000 0.011232 0.000000 0.000000 0.000000 0.000000 0.000009 0.000000 0.000000 0.000000 0.152037 0.000000 0.000055 0.000000 0.000000 0.000000 0.319717 0.000000 0.000000 0.000001 0.000000 0.000003 0.000000
 0.000101 0.000000 0.000000 0.000000 0.000000 0.000001 0.000097 0.000034 0.000080 0.000004 0.000748 0.000096 0.000000 0.000000 0.000148 0.000000 0.000116 0.000000 0.000000 0.006681 0.000080 0.000000 0.000039 0.000000 0.000744 0.000000 0.000153 0.000026 0.000000 0.000000 0.000000 0.011322 0.000000 0.000271 0.006617 0.000007 0.000000 0.000000 0.000000 0.000000 0.000000 0.000000 0.000000 0.000000 0.119455 0.000000 0.007669 0.000000 0.000000 0.000000 0.018433 0.000000 0.000000 0.000000 0.000025 0.000000 0.001848 0.000035 0.000076 0.232215 0.005532 0.029079 0.000695 0.000000 0.000000 0.000000 0.000016 0.000000 0.000000 0.000000 0.000000 0.000075 0.000000 0.000034 0.000000 0.000000 0.224675 0.000000 0.000000 0.000000 0.000017 0.000000 0.000023 0.000001 0.000000 0.000418 0.000781 0.000000 0.000000 0.000000 0.102469 0.000002 0.000044 0.000000 0.000000 0.000000 0.000000 0.229015 0.000000 0.000000
 0.000000 0.000000 0.000000 0.000025 0.000000 0.000000 0.000000 0.000000 0.000000 0.000251 0.000000 0.000000 0.000000 0.000000 0.000000 0.000260 0.000050 0.394354 0.000050 0.000000 0.000016 0.000143 0.000000 0.000002 0.000000 0.000008 0.000000 0.000000 0.000000 0.000000 0.000000 0.000000 0.000000 0.000000 0.000000 0.001511 0.000000 0.419284 0.000000 0.000000 0.000000 0.000000 0.000000 0.000000 0.000000 0.000000 0.000000 0.000000 0.000001 0.000000 0.000000 0.000000 0.001293 0.000000 0.000000 0.000000 0.000000 0.000000 0.000021 0.000000 0.000000 0.000000 0.000040 0.000000 0.000001 0.000007 0.000000 0.000000 0.000000 0.000029 0.000000 0.000062 0.000000 0.000005 0.000089 0.000000 0.000000 0.000000 0.076116 0.000000 0.000000 0.000000 0.000000 0.052890 0.000000 0.000000 0.000000 0.001160 0.000000 0.000256 0.000000 0.000000 0.000000 0.021524 0.000000 0.000000 0.000010 0.000000 0.030543 0.000000
 0.000010 0.000011 0.000000 0.000000 0.000000 0.000000 0.002984 0.000016 0.007234 0.000000 0.000000 0.000289 0.000000 0.000000 0.000000 0.000000 0.000000 0.000000 0.000000 0.001767 0.000000 0.000000 0.000888 0.000000 0.000013 0.000000 0.000026 0.000155 0.000000 0.000000 0.000000 0.000005 0.000000 0.014500 0.000063 0.000000 0.000000 0.000000 0.000044 0.000024 0.000000 0.000000 0.000000 0.000047 0.000000 0.000000 0.000004 0.000000 0.000000 0.000033 0.215752 0.000000 0.000000 0.000018 0.000208 0.000000 0.007420 0.005464 0.000000 0.000033 0.297423 0.000130 0.000001 0.000192 0.000000 0.000000 0.001549 0.005419 0.060645 0.000000 0.000000 0.000000 0.001647 0.000000 0.000000 0.000000 0.007614 0.000000 0.000000 0.000000 0.307194 0.000100 0.000166 0.000000 0.010971 0.000016 0.049062 0.000000 0.000707 0.000000 0.000003 0.000000 0.000147 0.000000 0.000000 0.000000 0.000000 0.000006 0.000000 0.000000
 0.000147 0.000000 0.000000 0.211042 0.000000 0.001521 0.000000 0.000817 0.000000 0.000029 0.000000 0.000000 0.000000 0.000000 0.000000 0.000209 0.000000 0.000021 0.015952 0.000000 0.000000 0.000234 0.000000 0.000007 0.000000 0.000238 0.000000 0.000000 0.000000 0.000000 0.000686 0.000000 0.000000 0.000000 0.000000 0.000000 0.000000 0.000018 0.000000 0.000000 0.000000 0.000183 0.000000 0.000000 0.000000 0.000000 0.000000 0.000000 0.002136 0.000000 0.000000 0.000000 0.005319 0.000000 0.000000 0.053890 0.000000 0.000000 0.000000 0.000000 0.000000 0.000000 0.000780 0.000000 0.269127 0.252324 0.000532 0.000000 0.000000 0.037109 0.000000 0.000000 0.000000 0.000000 0.018393 0.000000 0.000000 0.000000 0.000716 0.006055 0.000000 0.000000 0.000000 0.000025 0.000000 0.000000 0.000000 0.000093 0.000073 0.000068 0.000000 0.002025 0.000000 0.000129 0.000000 0.000000 0.120101 0.000000 0.000000 0.000000
 0.000000 0.000000 0.000750 0.000000 0.000000 0.000000 0.013933 0.000000 0.003973 0.000000 0.000000 0.262955 0.000000 0.000563 0.000000 0.000000 0.000000 0.000000 0.000000 0.089715 0.000000 0.000000 0.000244 0.000000 0.000035 0.000000 0.000002 0.000000 0.002740 0.001527 0.000000 0.000000 0.000000 0.014093 0.136728 0.000000 0.000000 0.000000 0.000000 0.000000 0.000026 0.000000 0.016059 0.000000 0.000024 0.004508 0.000000 0.000020 0.000000 0.000000 0.000368 0.000000 0.000000 0.000000 0.085834 0.000000 0.018158 0.000000 0.000000 0.000021 0.000028 0.000544 0.000000 0.000000 0.000000 0.000000 0.000000 0.000000 0.000000 0.000000 0.000005 0.000000 0.000000 0.000000 0.000000 0.000000 0.000603 0.000000 0.000000 0.000000 0.000000 0.000000 0.037012 0.000000 0.000000 0.309391 0.000094 0.000000 0.000000 0.000000 0.000006 0.000000 0.000000 0.000000 0.000000 0.000000 0.000000 0.000040 0.000000 0.000002
 0.091644 0.000005 0.000000 0.000001 0.000000 0.000060 0.000000 0.012429 0.000000 0.000016 0.000000 0.000000 0.000000 0.000000 0.000000 0.000000 0.000000 0.000000 0.000004 0.000000 0.000000 0.000000 0.000032 0.000000 0.000156 0.000000 0.000000 0.000013 0.000000 0.000000 0.000003 0.000800 0.000000 0.000000 0.000000 0.000000 0.000000 0.000000 0.000000 0.000003 0.000000 0.000157 0.000000 0.000007 0.000000 0.000000 0.005011 0.000000 0.000026 0.000001 0.002056 0.000000 0.000000 0.000006 0.000000 0.000065 0.000000 0.262776 0.000000 0.000000 0.001239 0.000000 0.002786 0.000012 0.000001 0.000002 0.338571 0.000004 0.000392 0.000000 0.000000 0.000000 0.000005 0.000000 0.000025 0.000000 0.001360 0.000000 0.000000 0.000002 0.000560 0.000053 0.000000 0.000000 0.000016 0.000000 0.000000 0.000000 0.150549 0.000003 0.000404 0.006250 0.119107 0.000000 0.000000 0.000000 0.000003 0.003384 0.000000 0.000000
 0.000000 0.000000 0.146641 0.000000 0.000020 0.000000 0.001106 0.000000 0.012879 0.000000 0.000000 0.003072 0.000072 0.168694 0.000000 0.000000 0.000000 0.000000 0.000000 0.000014 0.000000 0.000000 0.000000 0.000000 0.000000 0.000000 0.002180 0.000000 0.000025 0.181140 0.000000 0.000000 0.000066 0.152432 0.000000 0.000000 0.000045 0.000000 0.000560 0.000000 0.002998 0.000000 0.050434 0.000000 0.000000 0.151933 0.000000 0.008814 0.000000 0.000000 0.000000 0.000158 0.000000 0.000000 0.019000 0.000000 0.000049 0.000000 0.000000 0.000000 0.000000 0.000000 0.000000 0.000000 0.000000 0.000000 0.000000 0.019901 0.000000 0.000000 0.001086 0.000000 0.000000 0.000000 0.000000 0.000064 0.000000 0.000122 0.000000 0.000000 0.000000 0.000000 0.033090 0.000000 0.042055 0.000107 0.000000 0.000000 0.000000 0.000000 0.000000 0.000000 0.000000 0.000000 0.000000 0.000614 0.000000 0.000000 0.000000 0.000630
 0.000000 0.000055 0.010406 0.000000 0.000353 0.000000 0.002173 0.000000 0.006951 0.000000 0.000000 0.000944 0.001445 0.132038 0.000000 0.000000 0.000000 0.000000 0.000000 0.000009 0.000000 0.000000 0.000000 0.000000 0.000000 0.000000 0.000775 0.000000 0.115512 0.000077 0.000000 0.000000 0.000425 0.074027 0.000000 0.000000 0.000299 0.000000 0.209092 0.000001 0.002193 0.000000 0.002406 0.000024 0.000000 0.004050 0.000000 0.175204 0.000000 0.000082 0.000000 0.015110 0.000000 0.000000 0.004172 0.000000 0.000360 0.000000 0.000000 0.000000 0.000000 0.000000 0.000000 0.000005 0.000000 0.000000 0.000000 0.012896 0.000003 0.000000 0.000628 0.000000 0.000039 0.000000 0.000000 0.000175 0.000000 0.007925 0.000000 0.000000 0.000001 0.000026 0.003424 0.000000 0.119792 0.000175 0.000000 0.000000 0.000000 0.000000 0.000000 0.000000 0.000000 0.000000 0.000003 0.088027 0.000000 0.000000 0.000000 0.008700
 0.000008 0.000000 0.000000 0.000152 0.000000 0.000030 0.000000 0.001351 0.000000 0.000000 0.000000 0.000000 0.000000 0.000000 0.000000 0.000000 0.000000 0.000000 0.000085 0.000000 0.000000 0.000000 0.000000 0.000000 0.000000 0.001381 0.000000 0.000009 0.000000 0.000000 0.000001 0.000000 0.000000 0.000000 0.000000 0.000000 0.000000 0.000000 0.000000 0.000000 0.000000 0.058713 0.000000 0.000000 0.000000 0.000000 0.000000 0.000000 0.000120 0.000000 0.000000 0.000000 0.000000 0.000000 0.000000 0.020318 0.000000 0.000000 0.000000 0.000000 0.000000 0.000000 0.000032 0.000000 0.000086 0.000054 0.002276 0.000000 0.000000 0.000000 0.000000 0.000000 0.000000 0.000000 0.000245 0.000000 0.000000 0.000000 0.000000 0.461056 0.000000 0.000000 0.000000 0.000000 0.000000 0.000000 0.000000 0.000000 0.453241 0.000000 0.000000 0.000527 0.000000 0.000000 0.000000 0.000000 0.000315 0.000000 0.000000 0.000000
 0.003482 0.000000 0.000000 0.000000 0.000000 0.000204 0.000000 0.000040 0.000000 0.053091 0.141656 0.000000 0.000000 0.000000 0.039686 0.000000 0.028577 0.000000 0.000000 0.000000 0.003355 0.000000 0.013092 0.000000 0.000005 0.000000 0.000000 0.000772 0.000000 0.000000 0.000000 0.000216 0.000000 0.000000 0.000000 0.000058 0.000000 0.000000 0.000000 0.000000 0.000000 0.000006 0.000000 0.000000 0.160770 0.000000 0.196350 0.000000 0.000049 0.000000 0.000004 0.000000 0.000000 0.000000 0.000000 0.000007 0.000000 0.000258 0.001074 0.009225 0.000014 0.000000 0.006123 0.000000 0.000000 0.000000 0.000389 0.000000 0.000000 0.000000 0.000000 0.001642 0.000000 0.001251 0.000007 0.000000 0.003790 0.000000 0.000000 0.000000 0.000035 0.000000 0.000000 0.000004 0.000000 0.000000 0.000000 0.000000 0.000000 0.000024 0.248320 0.000112 0.000871 0.000000 0.000000 0.000000 0.000000 0.085444 0.000000 0.000000
 0.000000 0.000023 0.000006 0.000000 0.040470 0.000000 0.000000 0.000000 0.000000 0.000000 0.000000 0.000000 0.285782 0.000058 0.000000 0.000000 0.000000 0.000000 0.000000 0.000000 0.000000 0.000000 0.000000 0.000000 0.000000 0.000000 0.000000 0.000000 0.000092 0.000928 0.000000 0.000000 0.000003 0.000000 0.000000 0.000000 0.278361 0.000000 0.011148 0.000000 0.000026 0.000000 0.000000 0.000041 0.000000 0.000000 0.000000 0.001690 0.000000 0.000091 0.000000 0.003454 0.000000 0.000000 0.000000 0.000000 0.000000 0.000000 0.000000 0.000000 0.000000 0.000000 0.000000 0.000001 0.000000 0.000000 0.000000 0.006866 0.000000 0.000000 0.000006 0.000000 0.000001 0.000000 0.000000 0.354154 0.000000 0.004560 0.000000 0.000000 0.000000 0.000259 0.000000 0.000000 0.000533 0.000000 0.000000 0.000000 0.000000 0.000000 0.000000 0.000000 0.000000 0.000000 0.000937 0.010409 0.000000 0.000000 0.000000 0.000101
 0.000000 0.000008 0.007235 0.000000 0.000000 0.000000 0.084022 0.000000 0.089084 0.000000 0.000000 0.042347 0.000000 0.014614 0.000000 0.000000 0.000000 0.000000 0.000000 0.002345 0.000000 0.000000 0.000294 0.000000 0.013162 0.000000 0.009555 0.000000 0.129866 0.098900 0.000000 0.000000 0.000000 0.000151 0.000514 0.000000 0.000000 0.000000 0.001461 0.000015 0.000190 0.000000 0.026787 0.000011 0.000000 0.079987 0.000000 0.000125 0.000000 0.000026 0.000319 0.000000 0.000000 0.000000 0.161705 0.000000 0.006151 0.000000 0.000000 0.000022 0.000354 0.000047 0.000000 0.000005 0.000000 0.000000 0.000000 0.002908 0.000018 0.000000 0.000036 0.000000 0.000152 0.000000 0.000000 0.000000 0.000910 0.000000 0.000000 0.000000 0.000062 0.000000 0.200765 0.000000 0.021355 0.000730 0.003728 0.000000 0.000000 0.000000 0.000000 0.000000 0.000000 0.000000 0.000000 0.000022 0.000000 0.000000 0.000000 0.000010
 0.000000 0.000000 0.000000 0.000000 0.000000 0.000000 0.000294 0.000000 0.000132 0.000000 0.000000 0.050651 0.000000 0.000000 0.000000 0.000000 0.000000 0.000000 0.000000 0.127876 0.000000 0.000000 0.018939 0.000000 0.000151 0.000000 0.244862 0.000000 0.000000 0.000000 0.000000 0.000000 0.000000 0.001358 0.000272 0.000000 0.000000 0.000000 0.000000 0.000000 0.000000 0.000000 0.000000 0.000000 0.008905 0.000000 0.000000 0.000000 0.000000 0.000000 0.008038 0.000000 0.000000 0.000000 0.008182 0.000000 0.000974 0.000000 0.000000 0.011328 0.000296 0.209344 0.000000 0.000000 0.000000 0.000000 0.000000 0.000000 0.000000 0.000000 0.000000 0.000000 0.000000 0.000000 0.000000 0.000000 0.017141 0.000000 0.000000 0.000000 0.000000 0.000000 0.004525 0.000000 0.000000 0.285215 0.000132 0.000000 0.000000 0.000000 0.000351 0.000000 0.000000 0.000000 0.000000 0.000000 0.000000 0.001033 0.000000 0.000000
 0.000035 0.000000 0.000000 0.000000 0.000000 0.000001 0.000000 0.000000 0.000000 0.011845 0.000293 0.000000 0.000000 0.000000 0.000183 0.000004 0.009460 0.000225 0.000000 0.000000 0.119844 0.000002 0.000009 0.000963 0.000000 0.000000 0.000000 0.000000 0.000000 0.000000 0.000000 0.000065 0.000000 0.000000 0.000000 0.000047 0.000000 0.012960 0.000000 0.000000 0.000000 0.000000 0.000000 0.000000 0.000016 0.000000 0.000279 0.000000 0.000008 0.000000 0.000000 0.000000 0.000055 0.000000 0.000000 0.000000 0.000000 0.000000 0.256908 0.000256 0.000000 0.000000 0.001415 0.000000 0.000000 0.000000 0.000000 0.000000 0.000000 0.000000 0.000000 0.183008 0.000000 0.064063 0.000000 0.000000 0.000159 0.000000 0.000860 0.000000 0.000000 0.000000 0.000000 0.222376 0.000000 0.000000 0.000000 0.000034 0.000000 0.000464 0.000020 0.000000 0.000000 0.000031 0.000000 0.000000 0.000000 0.000013 0.114101 0.000000
 0.000000 0.000027 0.000003 0.000000 0.425768 0.000000 0.000000 0.000000 0.000000 0.000000 0.000000 0.000000 0.091226 0.000468 0.000000 0.000000 0.000000 0.000000 0.000000 0.000000 0.000000 0.000000 0.000000 0.000000 0.000000 0.000000 0.000000 0.000000 0.000073 0.000771 0.000000 0.000000 0.329008 0.000000 0.000000 0.000000 0.000003 0.000000 0.027913 0.000000 0.000029 0.000000 0.000000 0.000025 0.000000 0.000000 0.000000 0.003638 0.000000 0.000110 0.000000 0.016734 0.000000 0.000000 0.000000 0.000000 0.000000 0.000000 0.000000 0.000000 0.000000 0.000000 0.000000 0.000002 0.000000 0.000000 0.000000 0.000456 0.000000 0.000000 0.000009 0.000000 0.000004 0.000000 0.000000 0.033824 0.000000 0.020459 0.000000 0.000000 0.000000 0.000242 0.000000 0.000000 0.000146 0.000000 0.000000 0.000000 0.000000 0.000000 0.000000 0.000000 0.000000 0.000000 0.000047 0.048329 0.000000 0.000000 0.000000 0.000687
 0.000000 0.000000 0.000000 0.000022 0.000000 0.000000 0.000000 0.000000 0.000000 0.005361 0.000000 0.000000 0.000000 0.000000 0.000000 0.000166 0.000051 0.136681 0.000050 0.000000 0.000029 0.000121 0.000000 0.413518 0.000000 0.000021 0.000000 0.000000 0.000000 0.000000 0.000000 0.000000 0.000000 0.000000 0.000000 0.020052 0.000000 0.000007 0.000000 0.000000 0.000000 0.000000 0.000000 0.000000 0.000000 0.000000 0.000000 0.000000 0.000001 0.000000 0.000000 0.000000 0.000576 0.000000 0.000000 0.000000 0.000000 0.000000 0.000060 0.000000 0.000000 0.000000 0.000021 0.000000 0.000001 0.000010 0.000000 0.000000 0.000000 0.000057 0.000000 0.000066 0.000000 0.000025 0.000227 0.000000 0.000000 0.000000 0.044428 0.000000 0.000000 0.000000 0.000000 0.201358 0.000000 0.000000 0.000000 0.000505 0.000000 0.000705 0.000000 0.000000 0.000000 0.011675 0.000000 0.000000 0.000014 0.000000 0.164191 0.000000
 0.000000 0.000591 0.000016 0.000000 0.013720 0.000000 0.000040 0.000000 0.000068 0.000000 0.000000 0.000002 0.029482 0.016067 0.000000 0.000000 0.000000 0.000000 0.000000 0.000000 0.000000 0.000000 0.000000 0.000000 0.000037 0.000000 0.000000 0.000000 0.000441 0.258450 0.000000 0.000000 0.006312 0.001351 0.000000 0.000000 0.013373 0.000000 0.000038 0.000041 0.000096 0.000000 0.000003 0.001788 0.000000 0.000001 0.000000 0.046883 0.000000 0.026520 0.000013 0.017975 0.000000 0.000000 0.000000 0.000000 0.000000 0.000000 0.000000 0.000000 0.000042 0.000000 0.000000 0.000060 0.000000 0.000000 0.000000 0.083934 0.000152 0.000000 0.000041 0.000000 0.007254 0.000000 0.000000 0.003436 0.000000 0.022649 0.000000 0.000000 0.000100 0.000746 0.000001 0.000000 0.257934 0.000000 0.000018 0.000000 0.000000 0.000000 0.000000 0.000000 0.000000 0.000000 0.000086 0.186412 0.000000 0.000000 0.000000 0.003825
 0.000000 0.129974 0.000000 0.000000 0.000000 0.000000 0.000002 0.000000 0.000005 0.000000 0.000000 0.000000 0.000000 0.000000 0.000000 0.000000 0.000000 0.000000 0.000000 0.000000 0.000000 0.000000 0.000000 0.000000 0.000044 0.000000 0.000000 0.000006 0.000000 0.000003 0.000000 0.000000 0.000000 0.000031 0.000000 0.000000 0.000000 0.000000 0.000089 0.000001 0.000000 0.000000 0.000000 0.006756 0.000000 0.000000 0.000000 0.000000 0.000000 0.000201 0.000034 0.000000 0.000000 0.269726 0.000000 0.000000 0.000000 0.000042 0.000000 0.000000 0.000051 0.000000 0.000000 0.433033 0.000000 0.000000 0.000265 0.000310 0.135881 0.000000 0.000000 0.000000 0.008840 0.000000 0.000000 0.000000 0.000000 0.000000 0.000000 0.000000 0.000299 0.000457 0.000000 0.000000 0.000174 0.000000 0.000001 0.000000 0.013774 0.000000 0.000000 0.000000 0.000000 0.000000 0.000000 0.000000 0.000000 0.000000 0.000000 0.000000
 0.000000 0.000000 0.090136 0.000000 0.000031 0.000000 0.000015 0.000000 0.000034 0.000000 0.000000 0.000063 0.000041 0.201521 0.000000 0.000000 0.000000 0.000000 0.000000 0.000003 0.000000 0.000000 0.000000 0.000000 0.000000 0.000000 0.000027 0.000000 0.003826 0.004389 0.000000 0.000000 0.000024 0.000284 0.000000 0.000000 0.000022 0.000000 0.000156 0.000000 0.000003 0.000000 0.074451 0.000000 0.000000 0.001198 0.000000 0.013943 0.000000 0.000000 0.000000 0.000375 0.000000 0.000000 0.000203 0.000000 0.000008 0.000000 0.000000 0.000000 0.000000 0.000000 0.000000 0.000000 0.000000 0.000000 0.000000 0.000599 0.000000 0.000000 0.336129 0.000000 0.000000 0.000000 0.000000 0.000073 0.000000 0.000163 0.000000 0.000000 0.000000 0.000000 0.000207 0.000000 0.000276 0.000027 0.000000 0.000000 0.000000 0.000000 0.000000 0.000000 0.000000 0.000000 0.000000 0.000226 0.000000 0.000000 0.000000 0.271545
 0.006339 0.000000 0.000000 0.000112 0.000000 0.000076 0.000000 0.337096 0.000000 0.000009 0.000000 0.000000 0.000000 0.000000 0.000000 0.000000 0.000000 0.000000 0.000110 0.000000 0.000000 0.000000 0.000000 0.000000 0.000000 0.000198 0.000000 0.000247 0.000000 0.000000 0.031557 0.000010 0.000000 0.000000 0.000000 0.000000 0.000000 0.000000 0.000000 0.000000 0.000000 0.000018 0.000000 0.000000 0.000000 0.000000 0.000088 0.000000 0.000190 0.000000 0.000000 0.000000 0.000000 0.000000 0.000000 0.107250 0.000000 0.000150 0.000000 0.000000 0.000000 0.000000 0.000151 0.000000 0.000016 0.000026 0.162753 0.000000 0.000000 0.000000 0.000000 0.000000 0.000000 0.000000 0.002305 0.000000 0.000000 0.000000 0.000000 0.029647 0.000000 0.000000 0.000000 0.000000 0.000000 0.000000 0.000000 0.000000 0.283208 0.000003 0.000002 0.036719 0.000267 0.000000 0.000000 0.000000 0.001433 0.000021 0.000000 0.000000
 0.000000 0.000000 0.281760 0.000000 0.000000 0.000000 0.000267 0.000000 0.001058 0.000000 0.000000 0.010498 0.000000 0.169564 0.000000 0.000000 0.000000 0.000000 0.000000 0.000028 0.000000 0.000000 0.000000 0.000000 0.000000 0.000000 0.021813 0.000000 0.086078 0.006440 0.000000 0.000000 0.000000 0.053664 0.000000 0.000000 0.000000 0.000000 0.000006 0.000000 0.099571 0.000000 0.000063 0.000000 0.000000 0.226267 0.000000 0.000161 0.000000 0.000000 0.000000 0.000000 0.000000 0.000000 0.013416 0.000000 0.000055 0.000000 0.000000 0.000000 0.000000 0.000000 0.000000 0.000000 0.000000 0.000000 0.000000 0.000000 0.000000 0.000000 0.007889 0.000000 0.000000 0.000000 0.000000 0.000000 0.000000 0.000000 0.000000 0.000000 0.000000 0.000000 0.015524 0.000000 0.002343 0.003403 0.000000 0.000000 0.000000 0.000000 0.000000 0.000000 0.000000 0.000000 0.000000 0.000007 0.000000 0.000000 0.000000 0.000124
 0.000000 0.268991 0.000000 0.000000 0.000004 0.000000 0.000001 0.000000 0.000004 0.000000 0.000000 0.000000 0.000024 0.000038 0.000000 0.000000 0.000000 0.000000 0.000000 0.000000 0.000000 0.000000 0.000000 0.000000 0.000039 0.000000 0.000000 0.000005 0.000000 0.000030 0.000000 0.000000 0.000023 0.000010 0.000000 0.000000 0.000012 0.000000 0.001761 0.003048 0.000000 0.000000 0.000000 0.000006 0.000000 0.000000 0.000000 0.000022 0.000000 0.307637 0.000069 0.000004 0.000000 0.001384 0.000000 0.000000 0.000000 0.000045 0.000000 0.000000 0.000043 0.000000 0.000000 0.064677 0.000000 0.000000 0.000026 0.012602 0.030828 0.000000 0.000000 0.000000 0.118177 0.000000 0.000000 0.000010 0.000000 0.000004 0.000000 0.000000 0.000189 0.187697 0.000000 0.000000 0.002264 0.000000 0.000001 0.000000 0.000066 0.000000 0.000000 0.000000 0.000000 0.000000 0.000238 0.000012 0.000000 0.000000 0.000000 0.000008
 0.000153 0.000000 0.000000 0.000000 0.000000 0.000000 0.000007 0.000000 0.000008 0.000018 0.046500 0.000014 0.000000 0.000000 0.017771 0.000000 0.011718 0.000000 0.000000 0.000375 0.000264 0.000000 0.166965 0.000000 0.000000 0.000000 0.000021 0.000000 0.000000 0.000000 0.000000 0.194320 0.000000 0.000000 0.004349 0.000017 0.000000 0.000000 0.000000 0.000000 0.000000 0.000000 0.000000 0.000000 0.000009 0.000000 0.008814 0.000000 0.000000 0.000000 0.002706 0.000000 0.000000 0.000000 0.000004 0.000000 0.000048 0.000000 0.000203 0.182439 0.000000 0.011533 0.001419 0.000000 0.000000 0.000000 0.000000 0.000000 0.000000 0.000000 0.000000 0.000216 0.000000 0.000149 0.000000 0.000000 0.034509 0.000000 0.000000 0.000000 0.000000 0.000000 0.000006 0.000002 0.000000 0.000050 0.000054 0.000000 0.000000 0.000000 0.220648 0.000000 0.000000 0.000000 0.000000 0.000000 0.000000 0.094691 0.000000 0.000000
 0.000000 0.000000 0.216706 0.000000 0.000000 0.000000 0.000234 0.000000 0.001730 0.000000 0.000000 0.004858 0.000000 0.071642 0.000000 0.000000 0.000000 0.000000 0.000000 0.000022 0.000000 0.000000 0.000000 0.000000 0.000000 0.000000 0.006035 0.000000 0.255571 0.010683 0.000000 0.000000 0.000000 0.157929 0.000000 0.000000 0.000000 0.000000 0.000003 0.000000 0.001579 0.000000 0.223005 0.000000 0.000000 0.000001 0.000000 0.000149 0.000000 0.000000 0.000000 0.000000 0.000000 0.000000 0.016272 0.000000 0.000022 0.000000 0.000000 0.000000 0.000000 0.000000 0.000000 0.000000 0.000000 0.000000 0.000000 0.000000 0.000000 0.000000 0.000283 0.000000 0.000000 0.000000 0.000000 0.000000 0.000000 0.000000 0.000000 0.000000 0.000000 0.000000 0.031502 0.000000 0.001316 0.000422 0.000000 0.000000 0.000000 0.000000 0.000000 0.000000 0.000000 0.000000 0.000000 0.000006 0.000000 0.000000 0.000000 0.000030
 0.119525 0.000000 0.000000 0.000000 0.000000 0.008095 0.000000 0.000569 0.000000 0.038759 0.018317 0.000000 0.000000 0.000000 0.001757 0.000000 0.001816 0.000000 0.000000 0.000000 0.006745 0.000000 0.009369 0.000000 0.000004 0.000000 0.000000 0.005106 0.000000 0.000000 0.000000 0.207436 0.000000 0.000000 0.000000 0.000264 0.000000 0.000000 0.000000 0.000000 0.000000 0.000057 0.000000 0.000000 0.007704 0.000000 0.000165 0.000000 0.000918 0.000000 0.000009 0.000000 0.000000 0.000000 0.000000 0.000045 0.000000 0.000749 0.002274 0.010558 0.000008 0.000000 0.236913 0.000000 0.000000 0.000000 0.001078 0.000000 0.000000 0.000000 0.000000 0.014668 0.000000 0.002384 0.000095 0.000000 0.029243 0.000000 0.000000 0.000000 0.000035 0.000000 0.000000 0.000039 0.000000 0.000000 0.000000 0.000000 0.000000 0.000144 0.155154 0.001835 0.022658 0.000000 0.000000 0.000000 0.000000 0.095506 0.000000 0.000000
 0.000000 0.000023 0.000244 0.000000 0.005027 0.000000 0.000005 0.000000 0.000030 0.000000 0.000000 0.000016 0.001357 0.147565 0.000000 0.000000 0.000000 0.000000 0.000000 0.000000 0.000000 0.000000 0.000000 0.000000 0.000000 0.000000 0.000013 0.000000 0.007047 0.219657 0.000000 0.000000 0.000971 0.000118 0.000000 0.000000 0.001768 0.000000 0.047553 0.000000 0.008735 0.000000 0.000075 0.000023 0.000000 0.000071 0.000000 0.000049 0.000000 0.000019 0.000000 0.116266 0.000000 0.000000 0.000046 0.000000 0.000000 0.000000 0.000000 0.000000 0.000000 0.000000 0.000000 0.000000 0.000000 0.000000 0.000000 0.000604 0.000000 0.000000 0.007685 0.000000 0.000003 0.000000 0.000000 0.000455 0.000000 0.064808 0.000000 0.000000 0.000000 0.000026 0.000050 0.000000 0.002275 0.000005 0.000000 0.000000 0.000000 0.000000 0.000000 0.000000 0.000000 0.000000 0.000007 0.123740 0.000000 0.000000 0.000000 0.243665
 0.005891 0.000000 0.000000 0.000954 0.000000 0.348856 0.000000 0.001156 0.000000 0.016855 0.000000 0.000000 0.000000 0.000000 0.000000 0.000000 0.000000 0.000001 0.063904 0.000000 0.000003 0.000000 0.000000 0.000001 0.000000 0.001686 0.000000 0.000030 0.000000 0.000000 0.000047 0.000058 0.000000 0.000000 0.000000 0.000009 0.000000 0.000001 0.000000 0.000000 0.000000 0.000139 0.000000 0.000000 0.000000 0.000000 0.001034 0.000000 0.000001 0.000000 0.000000 0.000000 0.005271 0.000000 0.000000 0.000457 0.000000 0.000006 0.000030 0.000000 0.000000 0.000000 0.206702 0.000000 0.000198 0.000388 0.000272 0.000000 0.000000 0.000000 0.000000 0.000032 0.000000 0.000002 0.136133 0.000000 0.000000 0.000000 0.000782 0.000148 0.000000 0.000000 0.000000 0.000468 0.000000 0.000000 0.000000 0.000001 0.000051 0.122826 0.000003 0.081247 0.000018 0.000001 0.000000 0.000000 0.004301 0.000028 0.000011 0.000000
 0.000000 0.030581 0.000000 0.000000 0.000017 0.000000 0.000006 0.000000 0.000023 0.000000 0.000000 0.000000 0.000045 0.000008 0.000000 0.000000 0.000000 0.000000 0.000000 0.000000 0.000000 0.000000 0.000000 0.000000 0.000029 0.000000 0.000000 0.000001 0.000000 0.000107 0.000000 0.000000 0.000054 0.000025 0.000000 0.000000 0.000055 0.000000 0.027904 0.000097 0.000000 0.000000 0.000000 0.328678 0.000000 0.000000 0.000000 0.000020 0.000000 0.000013 0.000009 0.000008 0.000000 0.000013 0.000000 0.000000 0.000000 0.000005 0.000000 0.000000 0.000016 0.000000 0.000000 0.014190 0.000000 0.000000 0.000008 0.136826 0.009920 0.000000 0.000000 0.000000 0.274485 0.000000 0.000000 0.000009 0.000000 0.000009 0.000000 0.000000 0.000147 0.144472 0.000000 0.000000 0.032091 0.000000 0.000010 0.000000 0.000036 0.000000 0.000000 0.000000 0.000000 0.000000 0.000026 0.000053 0.000000 0.000000 0.000000 0.000002
 0.000036 0.000041 0.000000 0.000000 0.000000 0.000001 0.005144 0.000009 0.015622 0.000000 0.000000 0.000684 0.000000 0.000000 0.000000 0.000000 0.000000 0.000000 0.000000 0.008620 0.000000 0.000000 0.018591 0.000000 0.182273 0.000000 0.000232 0.001730 0.000000 0.000000 0.000000 0.000004 0.000000 0.000297 0.002832 0.000000 0.000000 0.000000 0.000013 0.000016 0.000000 0.000000 0.000000 0.000071 0.001953 0.000000 0.000008 0.000000 0.000000 0.000009 0.000009 0.000000 0.000000 0.000030 0.000398 0.000000 0.031322 0.065538 0.000000 0.002453 0.297196 0.002023 0.000003 0.000071 0.000000 0.000000 0.000403 0.000724 0.012428 0.000000 0.000000 0.000000 0.000079 0.000000 0.000000 0.000000 0.095354 0.000000 0.000000 0.000000 0.074417 0.000094 0.000542 0.000000 0.006423 0.000313 0.150917 0.000000 0.001797 0.000000 0.003914 0.000000 0.000262 0.000000 0.000000 0.000000 0.000000 0.015103 0.000000 0.000000
 0.000000 0.000008 0.000012 0.000000 0.104115 0.000000 0.000000 0.000000 0.000000 0.000000 0.000000 0.000000 0.005420 0.002962 0.000000 0.000000 0.000000 0.000000 0.000000 0.000000 0.000000 0.000000 0.000000 0.000000 0.000000 0.000000 0.000000 0.000000 0.000208 0.031073 0.000000 0.000000 0.003254 0.000000 0.000000 0.000000 0.013337 0.000000 0.029905 0.000000 0.000385 0.000000 0.000000 0.000006 0.000000 0.000000 0.000000 0.190708 0.000000 0.000013 0.000000 0.000000 0.000000 0.000000 0.000000 0.000000 0.000000 0.000000 0.000000 0.000000 0.000000 0.000000 0.000000 0.000001 0.000000 0.000000 0.000000 0.000336 0.000000 0.000000 0.000244 0.000000 0.000000 0.000000 0.000000 0.001041 0.000000 0.329535 0.000000 0.000000 0.000000 0.000017 0.000000 0.000000 0.000249 0.000000 0.000000 0.000000 0.000000 0.000000 0.000000 0.000000 0.000000 0.000000 0.000005 0.274627 0.000000 0.000000 0.000000 0.012537
 0.000000 0.000000 0.000000 0.024127 0.000000 0.000304 0.000000 0.000000 0.000000 0.001193 0.000000 0.000000 0.000000 0.000000 0.000000 0.082247 0.000059 0.006855 0.112975 0.000000 0.000008 0.014249 0.000000 0.000849 0.000000 0.004053 0.000000 0.000000 0.000000 0.000000 0.000000 0.000000 0.000000 0.000000 0.000000 0.000057 0.000000 0.000384 0.000000 0.000000 0.000000 0.000000 0.000000 0.000000 0.000000 0.000000 0.000000 0.000000 0.005089 0.000000 0.000000 0.000000 0.000049 0.000000 0.000000 0.000000 0.000000 0.000000 0.000024 0.000000 0.000000 0.000000 0.000610 0.000000 0.001306 0.044381 0.000000 0.000000 0.000000 0.056475 0.000000 0.000014 0.000000 0.000009 0.023036 0.000000 0.000000 0.000000 0.246102 0.000000 0.000000 0.000000 0.000000 0.001909 0.000000 0.000000 0.000000 0.196834 0.000000 0.160248 0.000000 0.000000 0.000000 0.016322 0.000000 0.000000 0.000220 0.000000 0.000013 0.000000
 0.000000 0.177462 0.000000 0.000000 0.000000 0.000000 0.000000 0.000000 0.000000 0.000000 0.000000 0.000000 0.000000 0.000000 0.000000 0.000000 0.000000 0.000000 0.000000 0.000000 0.000000 0.000000 0.000000 0.000000 0.000044 0.000000 0.000000 0.000016 0.000000 0.000000 0.000000 0.000000 0.000000 0.000000 0.000000 0.000000 0.000000 0.000000 0.000000 0.372111 0.000000 0.000000 0.000000 0.004232 0.000000 0.000000 0.000000 0.000000 0.000000 0.000038 0.000089 0.000000 0.000000 0.000000 0.000000 0.000000 0.000000 0.000068 0.000000 0.000000 0.000040 0.000000 0.000000 0.268187 0.000000 0.000000 0.000707 0.000022 0.055398 0.000000 0.000000 0.000000 0.000280 0.000000 0.000000 0.000000 0.000000 0.000000 0.000000 0.000000 0.000104 0.001642 0.000000 0.000000 0.000119 0.000000 0.000000 0.000000 0.119438 0.000000 0.000000 0.000000 0.000000 0.000000 0.000000 0.000000 0.000000 0.000000 0.000000 0.000000
 0.000000 0.000000 0.000698 0.000000 0.000000 0.000000 0.054113 0.000000 0.036568 0.000000 0.000000 0.237794 0.000000 0.002399 0.000000 0.000000 0.000000 0.000000 0.000000 0.022161 0.000000 0.000000 0.000031 0.000000 0.000219 0.000000 0.067613 0.000000 0.018806 0.006475 0.000000 0.000000 0.000000 0.187866 0.003599 0.000000 0.000000 0.000000 0.000001 0.000000 0.000157 0.000000 0.007780 0.000000 0.000004 0.009574 0.000000 0.000057 0.000000 0.000000 0.000497 0.000000 0.000000 0.000000 0.000001 0.000000 0.015171 0.000000 0.000000 0.000012 0.000015 0.000069 0.000000 0.000000 0.000000 0.000000 0.000000 0.000000 0.000000 0.000000 0.000026 0.000000 0.000000 0.000000 0.000000 0.000000 0.000142 0.000000 0.000000 0.000000 0.000000 0.000000 0.319194 0.000000 0.000163 0.008275 0.000482 0.000000 0.000000 0.000000 0.000008 0.000000 0.000000 0.000000 0.000000 0.000007 0.000000 0.000014 0.000000 0.000006
 0.001914 0.000000 0.000000 0.038544 0.000000 0.000380 0.000000 0.075514 0.000000 0.000025 0.000000 0.000000 0.000000 0.000000 0.000000 0.000000 0.000000 0.000000 0.001026 0.000000 0.000000 0.000000 0.000000 0.000000 0.000000 0.059418 0.000000 0.000105 0.000000 0.000000 0.011132 0.000012 0.000000 0.000000 0.000000 0.000000 0.000000 0.000000 0.000000 0.000000 0.000000 0.109332 0.000000 0.000000 0.000000 0.000000 0.000071 0.000000 0.000638 0.000000 0.000000 0.000000 0.000000 0.000000 0.000000 0.000027 0.000000 0.000011 0.000000 0.000000 0.000000 0.000000 0.000272 0.000000 0.004704 0.000871 0.000809 0.000000 0.000000 0.000000 0.000000 0.000000 0.000000 0.000000 0.141040 0.000000 0.000000 0.000000 0.000000 0.245313 0.000000 0.000000 0.000000 0.000000 0.000000 0.000000 0.000000 0.000000 0.000454 0.000052 0.000004 0.041196 0.000060 0.000000 0.000000 0.000000 0.267062 0.000015 0.000000 0.000000
 0.000000 0.000000 0.000002 0.000000 0.000000 0.000000 0.225793 0.000000 0.207733 0.000000 0.000000 0.106398 0.000000 0.000008 0.000000 0.000000 0.000000 0.000000 0.000000 0.076403 0.000000 0.000000 0.003054 0.000000 0.010271 0.000000 0.018774 0.000000 0.000063 0.000733 0.000000 0.000000 0.000000 0.009380 0.000562 0.000000 0.000000 0.000000 0.000000 0.000000 0.000008 0.000000 0.000042 0.000000 0.000056 0.000017 0.000000 0.000001 0.000000 0.000000 0.051322 0.000000 0.000000 0.000000 0.019913 0.000000 0.000002 0.000000 0.000000 0.000542 0.002058 0.001376 0.000000 0.000000 0.000000 0.000000 0.000000 0.000000 0.000000 0.000000 0.000002 0.000000 0.000000 0.000000 0.000000 0.000000 0.051105 0.000000 0.000000 0.000000 0.000000 0.000000 0.018740 0.000000 0.000000 0.073558 0.121541 0.000000 0.000000 0.000000 0.000034 0.000000 0.000000 0.000000 0.000000 0.000000 0.000000 0.000509 0.000000 0.000000
 0.001256 0.000035 0.000000 0.000000 0.000000 0.000007 0.000000 0.000500 0.000000 0.000002 0.000000 0.000000 0.000000 0.000000 0.000000 0.000000 0.000000 0.000000 0.000000 0.000000 0.000000 0.000000 0.000050 0.000000 0.006558 0.000000 0.000000 0.314094 0.000000 0.000000 0.000000 0.000319 0.000000 0.000000 0.000000 0.000000 0.000000 0.000000 0.000000 0.000027 0.000000 0.000114 0.000000 0.000065 0.000000 0.000000 0.000879 0.000000 0.000006 0.000006 0.093112 0.000000 0.000000 0.000032 0.000000 0.000008 0.000000 0.000016 0.000000 0.000000 0.183930 0.000000 0.000029 0.000124 0.000000 0.000000 0.194660 0.000016 0.026858 0.000000 0.000000 0.000000 0.000047 0.000000 0.000007 0.000000 0.006533 0.000000 0.000000 0.000000 0.024695 0.000035 0.000000 0.000000 0.000048 0.000000 0.000000 0.000000 0.014874 0.000003 0.001456 0.000069 0.092061 0.000000 0.000000 0.000000 0.000000 0.037467 0.000000 0.000000
 0.000259 0.000000 0.000000 0.000000 0.000000 0.000014 0.000000 0.000000 0.000000 0.001868 0.011942 0.000000 0.000000 0.000000 0.013319 0.000001 0.083193 0.000010 0.000000 0.000000 0.201122 0.000001 0.000096 0.000013 0.000000 0.000000 0.000000 0.000000 0.000000 0.000000 0.000000 0.001164 0.000000 0.000000 0.000000 0.249904 0.000000 0.000038 0.000000 0.000000 0.000000 0.000000 0.000000 0.000000 0.000183 0.000000 0.002333 0.000000 0.000027 0.000000 0.000000 0.000000 0.000022 0.000000 0.000000 0.000000 0.000000 0.000000 0.000005 0.000200 0.000000 0.000000 0.004732 0.000000 0.000000 0.000000 0.000000 0.000000 0.000000 0.000000 0.000000 0.069695 0.000000 0.314836 0.000000 0.000000 0.001306 0.000000 0.000266 0.000000 0.000000 0.000000 0.000000 0.004540 0.000000 0.000000 0.000000 0.000004 0.000000 0.000106 0.000256 0.000000 0.000000 0.000001 0.000000 0.000000 0.000000 0.000171 0.038372 0.000000
 0.003189 0.000000 0.000000 0.000000 0.000000 0.000000 0.000013 0.000000 0.000010 0.000020 0.001586 0.000014 0.000000 0.000000 0.001197 0.000000 0.000936 0.000000 0.000000 0.002723 0.000375 0.000000 0.313474 0.000000 0.000037 0.000000 0.000018 0.000000 0.000000 0.000000 0.000000 0.010769 0.000000 0.000028 0.005342 0.000268 0.000000 0.000000 0.000000 0.000000 0.000000 0.000000 0.000000 0.000000 0.176202 0.000000 0.011666 0.000000 0.000000 0.000000 0.003283 0.000000 0.000000 0.000000 0.000013 0.000000 0.000443 0.000000 0.000215 0.000084 0.000003 0.114929 0.001347 0.000000 0.000000 0.000000 0.000000 0.000000 0.000000 0.000000 0.000000 0.000617 0.000000 0.000117 0.000000 0.000000 0.208630 0.000000 0.000000 0.000000 0.000000 0.000000 0.000013 0.000026 0.000000 0.000161 0.000050 0.000000 0.000000 0.000000 0.042937 0.000000 0.000000 0.000000 0.000000 0.000000 0.000000 0.099265 0.000000 0.000000
 0.000025 0.000011 0.000000 0.000000 0.000000 0.000000 0.000382 0.000034 0.000956 0.000000 0.000000 0.000081 0.000000 0.000000 0.000000 0.000000 0.000000 0.000000 0.000000 0.000822 0.000000 0.000000 0.006306 0.000000 0.284021 0.000000 0.000020 0.001179 0.000000 0.000001 0.000000 0.000014 0.000000 0.000373 0.000118 0.000000 0.000000 0.000000 0.000048 0.000027 0.000000 0.000000 0.000000 0.000049 0.000000 0.000000 0.000007 0.000000 0.000000 0.000017 0.335932 0.000000 0.000000 0.000015 0.000014 0.000000 0.001420 0.146336 0.000000 0.000002 0.000006 0.000027 0.000001 0.000104 0.000000 0.000000 0.003881 0.000220 0.027612 0.000000 0.000000 0.000000 0.000190 0.000000 0.000000 0.000000 0.012283 0.000000 0.000000 0.000000 0.157072 0.000026 0.000011 0.000000 0.000667 0.000029 0.017959 0.000000 0.001170 0.000000 0.000007 0.000000 0.000515 0.000000 0.000000 0.000000 0.000000 0.000013 0.000000 0.000000
 0.000000 0.000000 0.000000 0.000000 0.000000 0.000000 0.000324 0.000000 0.000236 0.000000 0.000000 0.000572 0.000000 0.000000 0.000000 0.000000 0.000000 0.000000 0.000000 0.108357 0.000000 0.000000 0.103135 0.000000 0.000386 0.000000 0.001207 0.000000 0.000000 0.000000 0.000000 0.000000 0.000000 0.000154 0.259408 0.000000 0.000000 0.000000 0.000000 0.000000 0.000000 0.000000 0.000000 0.000000 0.029264 0.000000 0.000000 0.000000 0.000000 0.000000 0.007116 0.000000 0.000000 0.000000 0.000196 0.000000 0.002953 0.000000 0.000000 0.301958 0.000085 0.000011 0.000000 0.000000 0.000000 0.000000 0.000000 0.000000 0.000000 0.000000 0.000000 0.000000 0.000000 0.000000 0.000000 0.000000 0.138086 0.000000 0.000000 0.000000 0.000000 0.000000 0.000168 0.000000 0.000000 0.041758 0.000497 0.000000 0.000000 0.000000 0.000505 0.000000 0.000000 0.000000 0.000000 0.000000 0.000000 0.003626 0.000000 0.000000
 0.192596 0.000000 0.000000 0.000031 0.000000 0.210310 0.000000 0.001801 0.000000 0.158251 0.000842 0.000000 0.000000 0.000000 0.000435 0.000000 0.000397 0.000030 0.000135 0.000000 0.010177 0.000000 0.000498 0.000014 0.000001 0.000321 0.000000 0.001667 0.000000 0.000000 0.000007 0.003797 0.000000 0.000000 0.000000 0.000787 0.000000 0.000007 0.000000 0.000000 0.000000 0.000057 0.000000 0.000000 0.000728 0.000000 0.139077 0.000000 0.107763 0.000000 0.000002 0.000000 0.000329 0.000000 0.000000 0.000102 0.000000 0.000014 0.002707 0.000716 0.000000 0.000000 0.000535 0.000000 0.000033 0.000019 0.001512 0.000000 0.000000 0.000000 0.000000 0.056289 0.000000 0.002943 0.003050 0.000000 0.002180 0.000000 0.000445 0.000015 0.000002 0.000000 0.000000 0.021157 0.000000 0.000000 0.000000 0.000001 0.000007 0.016471 0.001194 0.058289 0.000677 0.000015 0.000000 0.000000 0.000033 0.001518 0.000016 0.000000
 0.000000 0.195620 0.000000 0.000000 0.000001 0.000000 0.000001 0.000000 0.000003 0.000000 0.000000 0.000000 0.000001 0.000000 0.000000 0.000000 0.000000 0.000000 0.000000 0.000000 0.000000 0.000000 0.000000 0.000000 0.000216 0.000000 0.000000 0.000014 0.000000 0.000008 0.000000 0.000000 0.000001 0.000006 0.000000 0.000000 0.000001 0.000000 0.000080 0.265803 0.000000 0.000000 0.000000 0.087989 0.000000 0.000000 0.000000 0.000000 0.000000 0.018069 0.000094 0.000001 0.000000 0.119323 0.000000 0.000000 0.000000 0.000116 0.000000 0.000000 0.000122 0.000000 0.000000 0.000006 0.000000 0.000000 0.000479 0.001419 0.216356 0.000000 0.000000 0.000000 0.084218 0.000000 0.000000 0.000000 0.000000 0.000000 0.000000 0.000000 0.001323 0.001825 0.000000 0.000000 0.000396 0.000000 0.000001 0.000000 0.006506 0.000000 0.000000 0.000000 0.000000 0.000000 0.000002 0.000000 0.000000 0.000000 0.000000 0.000000
 0.000005 0.000000 0.000000 0.347759 0.000000 0.000160 0.000000 0.000030 0.000000 0.000001 0.000000 0.000000 0.000000 0.000000 0.000000 0.000028 0.000000 0.000002 0.010074 0.000000 0.000000 0.000014 0.000000 0.000001 0.000000 0.228898 0.000000 0.000001 0.000000 0.000000 0.000036 0.000000 0.000000 0.000000 0.000000 0.000000 0.000000 0.000001 0.000000 0.000000 0.000000 0.000012 0.000000 0.000000 0.000000 0.000000 0.000000 0.000000 0.000213 0.000000 0.000000 0.000000 0.001457 0.000000 0.000000 0.003629 0.000000 0.000000 0.000000 0.000000 0.000000 0.000000 0.000069 0.000000 0.000001 0.354182 0.000029 0.000000 0.000000 0.003237 0.000000 0.000000 0.000000 0.000000 0.003664 0.000000 0.000000 0.000000 0.000134 0.000344 0.000000 0.000000 0.000000 0.000001 0.000000 0.000000 0.000000 0.000013 0.000004 0.000013 0.000000 0.000207 0.000000 0.000005 0.000000 0.000000 0.045776 0.000000 0.000000 0.000000
 0.000009 0.000000 0.000000 0.164721 0.000000 0.000142 0.000000 0.000077 0.000000 0.000010 0.000000 0.000000 0.000000 0.000000 0.000000 0.002174 0.000000 0.000014 0.154771 0.000000 0.000000 0.000878 0.000000 0.000004 0.000000 0.182171 0.000000 0.000002 0.000000 0.000000 0.000020 0.000000 0.000000 0.000000 0.000000 0.000000 0.000000 0.000006 0.000000 0.000000 0.000000 0.000017 0.000000 0.000000 0.000000 0.000000 0.000000 0.000000 0.000355 0.000000 0.000000 0.000000 0.042053 0.000000 0.000000 0.000570 0.000000 0.000000 0.000000 0.000000 0.000000 0.000000 0.000033 0.000000 0.300650 0.000002 0.000178 0.000000 0.000000 0.115120 0.000000 0.000000 0.000000 0.000000 0.015885 0.000000 0.000000 0.000000 0.001731 0.000061 0.000000 0.000000 0.000000 0.000005 0.000000 0.000000 0.000000 0.000547 0.000013 0.000094 0.000000 0.000424 0.000000 0.000091 0.000000 0.000000 0.017170 0.000000 0.000000 0.000000
 0.107995 0.000006 0.000000 0.000055 0.000000 0.000173 0.000000 0.137404 0.000000 0.000057 0.000000 0.000000 0.000000 0.000000 0.000000 0.000000 0.000000 0.000000 0.000433 0.000000 0.000000 0.000000 0.000014 0.000000 0.001086 0.000256 0.000000 0.236340 0.000000 0.000000 0.000543 0.000281 0.000000 0.000000 0.000000 0.000000 0.000000 0.000000 0.000000 0.000101 0.000000 0.072243 0.000000 0.000022 0.000000 0.000000 0.000739 0.000000 0.000166 0.000006 0.000334 0.000000 0.000000 0.000196 0.000000 0.000352 0.000000 0.113682 0.000000 0.000000 0.002849 0.000000 0.001764 0.000299 0.000016 0.000118 0.000699 0.000012 0.020154 0.000000 0.000000 0.000000 0.000038 0.000000 0.000518 0.000000 0.000018 0.000000 0.000000 0.000252 0.013760 0.000068 0.000000 0.000000 0.000036 0.000000 0.000000 0.000000 0.195397 0.000003 0.000072 0.054704 0.035960 0.000000 0.000000 0.000000 0.000339 0.000441 0.000000 0.000000
 0.000000 0.000652 0.000111 0.000000 0.000086 0.000000 0.000093 0.000000 0.000353 0.000000 0.000000 0.000000 0.031807 0.001264 0.000000 0.000000 0.000000 0.000000 0.000000 0.000000 0.000000 0.000000 0.000000 0.000000 0.004143 0.000000 0.000000 0.000003 0.014280 0.014511 0.000000 0.000000 0.003539 0.002449 0.000000 0.000000 0.000199 0.000000 0.076409 0.000129 0.000337 0.000000 0.000000 0.011649 0.000000 0.000000 0.000000 0.000542 0.000000 0.118381 0.000655 0.000184 0.000000 0.000007 0.000000 0.000000 0.000000 0.000010 0.000000 0.000000 0.000176 0.000000 0.000000 0.000964 0.000000 0.000000 0.000013 0.000008 0.074809 0.000000 0.000120 0.000000 0.221530 0.000000 0.000000 0.009469 0.000000 0.000189 0.000000 0.000000 0.031222 0.007635 0.000000 0.000000 0.371059 0.000000 0.000035 0.000000 0.000042 0.000000 0.000000 0.000000 0.000000 0.000000 0.000001 0.000807 0.000000 0.000000 0.000000 0.000125
 0.000000 0.006708 0.000000 0.000000 0.000000 0.000000 0.000002 0.000000 0.000008 0.000000 0.000000 0.000000 0.000000 0.000000 0.000000 0.000000 0.000000 0.000000 0.000000 0.000000 0.000000 0.000000 0.000000 0.000000 0.054942 0.000000 0.000000 0.000354 0.000000 0.000004 0.000000 0.000000 0.000000 0.000018 0.000000 0.000000 0.000000 0.000000 0.000164 0.067155 0.000000 0.000000 0.000000 0.033768 0.000000 0.000000 0.000000 0.000000 0.000000 0.010171 0.013328 0.000000 0.000000 0.019846 0.000000 0.000000 0.000000 0.020272 0.000000 0.000000 0.026196 0.000000 0.000000 0.174202 0.000000 0.000000 0.026048 0.088648 0.000023 0.000000 0.000000 0.000000 0.159994 0.000000 0.000000 0.000000 0.000000 0.000000 0.000000 0.000000 0.160159 0.004124 0.000000 0.000000 0.048285 0.000000 0.000002 0.000000 0.085580 0.000000 0.000000 0.000000 0.000000 0.000000 0.000000 0.000000 0.000000 0.000000 0.000000 0.000000
 0.000000 0.000000 0.000000 0.006050 0.000000 0.000000 0.000000 0.000000 0.000000 0.000053 0.000000 0.000000 0.000000 0.000000 0.000000 0.177440 0.000000 0.000130 0.001381 0.000000 0.000000 0.234919 0.000000 0.000046 0.000000 0.067651 0.000000 0.000000 0.000000 0.000000 0.000000 0.000000 0.000000 0.000000 0.000000 0.000000 0.000000 0.000091 0.000000 0.000000 0.000000 0.000000 0.000000 0.000000 0.000000 0.000000 0.000000 0.000000 0.000000 0.000000 0.000000 0.000000 0.135123 0.000000 0.000000 0.000000 0.000000 0.000000 0.000000 0.000000 0.000000 0.000000 0.000000 0.000000 0.006939 0.290689 0.000000 0.000000 0.000000 0.000019 0.000000 0.000000 0.000000 0.000000 0.000874 0.000000 0.000000 0.000000 0.008638 0.000000 0.000000 0.000000 0.000000 0.000040 0.000000 0.000000 0.000000 0.039616 0.000000 0.000120 0.000000 0.000000 0.000000 0.030172 0.000000 0.000000 0.000009 0.000000 0.000000 0.000000
 0.000000 0.000000 0.044731 0.000000 0.000011 0.000000 0.000004 0.000000 0.000010 0.000000 0.000000 0.000012 0.000021 0.240948 0.000000 0.000000 0.000000 0.000000 0.000000 0.000001 0.000000 0.000000 0.000000 0.000000 0.000000 0.000000 0.000005 0.000000 0.001501 0.001362 0.000000 0.000000 0.000006 0.000058 0.000000 0.000000 0.000008 0.000000 0.000071 0.000000 0.363854 0.000000 0.006385 0.000000 0.000000 0.000232 0.000000 0.013279 0.000000 0.000000 0.000000 0.000257 0.000000 0.000000 0.000036 0.000000 0.000002 0.000000 0.000000 0.000000 0.000000 0.000000 0.000000 0.000000 0.000000 0.000000 0.000000 0.000231 0.000000 0.000000 0.000000 0.000000 0.000000 0.000000 0.000000 0.000019 0.000000 0.000091 0.000000 0.000000 0.000000 0.000000 0.000039 0.000000 0.000072 0.000005 0.000000 0.000000 0.000000 0.000000 0.000000 0.000000 0.000000 0.000000 0.000000 0.000119 0.000000 0.000000 0.000000 0.326628
 0.000546 0.000000 0.000000 0.000000 0.000000 0.000019 0.000000 0.000000 0.000000 0.145330 0.004360 0.000000 0.000000 0.000000 0.000520 0.000001 0.013982 0.000078 0.000000 0.000000 0.261717 0.000001 0.000081 0.000033 0.000000 0.000000 0.000000 0.000000 0.000000 0.000000 0.000000 0.001532 0.000000 0.000000 0.000000 0.153252 0.000000 0.000036 0.000000 0.000000 0.000000 0.000000 0.000000 0.000000 0.000167 0.000000 0.012957 0.000000 0.000025 0.000000 0.000000 0.000000 0.000011 0.000000 0.000000 0.000000 0.000000 0.000000 0.059999 0.000493 0.000000 0.000000 0.084705 0.000000 0.000000 0.000000 0.000000 0.000000 0.000000 0.000000 0.000000 0.000009 0.000000 0.102908 0.000000 0.000000 0.000448 0.000000 0.000605 0.000000 0.000000 0.000000 0.000000 0.152829 0.000000 0.000000 0.000000 0.000007 0.000000 0.002671 0.000374 0.000000 0.000000 0.000008 0.000000 0.000000 0.000000 0.000160 0.000137 0.000000
 0.000000 0.015906 0.000000 0.000000 0.000000 0.000000 0.000019 0.000000 0.000074 0.000000 0.000000 0.000000 0.000001 0.000000 0.000000 0.000000 0.000000 0.000000 0.000000 0.000000 0.000000 0.000000 0.000000 0.000000 0.001430 0.000000 0.000000 0.000004 0.000000 0.000050 0.000000 0.000000 0.000001 0.000146 0.000000 0.000000 0.000002 0.000000 0.007503 0.004189 0.000000 0.000000 0.000000 0.124110 0.000000 0.000000 0.000000 0.000003 0.000000 0.269811 0.000082 0.000000 0.000000 0.000096 0.000000 0.000000 0.000000 0.000034 0.000000 0.000000 0.000173 0.000000 0.000000 0.065013 0.000000 0.000000 0.000048 0.251688 0.153397 0.000000 0.000000 0.000000 0.000004 0.000000 0.000000 0.000000 0.000000 0.000000 0.000000 0.000000 0.018103 0.010094 0.000000 0.000000 0.077833 0.000000 0.000009 0.000000 0.000174 0.000000 0.000000 0.000000 0.000000 0.000000 0.000000 0.000002 0.000000 0.000000 0.000000 0.000000
 0.000129 0.000000 0.000000 0.000000 0.000000 0.000002 0.000000 0.000000 0.000000 0.000660 0.014616 0.000000 0.000000 0.000000 0.004619 0.000000 0.069501 0.000009 0.000000 0.000000 0.344734 0.000000 0.000047 0.000004 0.000000 0.000000 0.000000 0.000000 0.000000 0.000000 0.000000 0.001508 0.000000 0.000000 0.000000 0.069273 0.000000 0.000018 0.000000 0.000000 0.000000 0.000000 0.000000 0.000000 0.000149 0.000000 0.002719 0.000000 0.000002 0.000000 0.000000 0.000000 0.000009 0.000000 0.000000 0.000000 0.000000 0.000000 0.349979 0.000121 0.000000 0.000000 0.005718 0.000000 0.000000 0.000000 0.000000 0.000000 0.000000 0.000000 0.000000 0.132882 0.000000 0.000001 0.000000 0.000000 0.000647 0.000000 0.000217 0.000000 0.000000 0.000000 0.000000 0.001718 0.000000 0.000000 0.000000 0.000003 0.000000 0.000069 0.000207 0.000000 0.000000 0.000001 0.000000 0.000000 0.000000 0.000082 0.000356 0.000000
 0.001563 0.000000 0.000000 0.058758 0.000000 0.048962 0.000000 0.019734 0.000000 0.002364 0.000000 0.000000 0.000000 0.000000 0.000000 0.000089 0.000000 0.000143 0.269392 0.000000 0.000000 0.000047 0.000000 0.000047 0.000000 0.011303 0.000000 0.000022 0.000000 0.000000 0.000075 0.000006 0.000000 0.000000 0.000000 0.000000 0.000000 0.000122 0.000000 0.000000 0.000000 0.001309 0.000000 0.000000 0.000000 0.000000 0.000083 0.000000 0.105995 0.000000 0.000000 0.000000 0.018578 0.000000 0.000000 0.078607 0.000000 0.000006 0.000000 0.000000 0.000000 0.000000 0.004556 0.000000 0.002647 0.013521 0.000663 0.000000 0.000000 0.000295 0.000000 0.000000 0.000000 0.000000 0.000075 0.000000 0.000000 0.000000 0.004255 0.000732 0.000000 0.000000 0.000000 0.000212 0.000000 0.000000 0.000000 0.000124 0.000108 0.073956 0.000002 0.121947 0.000010 0.000111 0.000000 0.000000 0.159574 0.000009 0.000000 0.000000
 0.000000 0.000026 0.000011 0.000000 0.005959 0.000000 0.000000 0.000000 0.000000 0.000000 0.000000 0.000000 0.355059 0.000072 0.000000 0.000000 0.000000 0.000000 0.000000 0.000000 0.000000 0.000000 0.000000 0.000000 0.000000 0.000000 0.000000 0.000000 0.000099 0.000429 0.000000 0.000000 0.396641 0.000000 0.000000 0.000000 0.032050 0.000000 0.006797 0.000000 0.000089 0.000000 0.000000 0.000020 0.000000 0.000000 0.000000 0.000887 0.000000 0.000016 0.000000 0.001238 0.000000 0.000000 0.000000 0.000000 0.000000 0.000000 0.000000 0.000000 0.000000 0.000000 0.000000 0.000001 0.000000 0.000000 0.000000 0.020574 0.000000 0.000000 0.000022 0.000000 0.000000 0.000000 0.000000 0.000001 0.000000 0.001451 0.000000 0.000000 0.000000 0.000620 0.000000 0.000000 0.001170 0.000000 0.000000 0.000000 0.000000 0.000000 0.000000 0.000000 0.000000 0.000000 0.174074 0.002570 0.000000 0.000000 0.000000 0.000122
 0.000363 0.000000 0.000000 0.000000 0.000000 0.000005 0.001268 0.000067 0.000924 0.000006 0.001180 0.000699 0.000000 0.000000 0.000728 0.000000 0.000733 0.000000 0.000000 0.054914 0.000689 0.000000 0.261949 0.000000 0.007436 0.000000 0.000440 0.001322 0.000000 0.000000 0.000000 0.003821 0.000000 0.000979 0.006982 0.000144 0.000000 0.000000 0.000000 0.000000 0.000000 0.000000 0.000000 0.000000 0.028786 0.000000 0.027908 0.000000 0.000000 0.000000 0.110231 0.000000 0.000000 0.000000 0.000131 0.000000 0.036056 0.005316 0.001214 0.180188 0.012562 0.045392 0.003545 0.000000 0.000000 0.000000 0.000025 0.000000 0.000000 0.000000 0.000000 0.000484 0.000000 0.000542 0.000000 0.000000 0.000052 0.000000 0.000000 0.000000 0.001129 0.000000 0.000121 0.000003 0.000000 0.002265 0.015428 0.000000 0.000000 0.000000 0.033712 0.000005 0.002671 0.000000 0.000000 0.000000 0.000000 0.147584 0.000000 0.000000
 0.000000 0.000007 0.000008 0.000000 0.119112 0.000000 0.000000 0.000000 0.000000 0.000000 0.000000 0.000000 0.006902 0.002162 0.000000 0.000000 0.000000 0.000000 0.000000 0.000000 0.000000 0.000000 0.000000 0.000000 0.000000 0.000000 0.000000 0.000000 0.000169 0.017224 0.000000 0.000000 0.004540 0.000000 0.000000 0.000000 0.017233 0.000000 0.039823 0.000000 0.000178 0.000000 0.000000 0.000006 0.000000 0.000000 0.000000 0.112343 0.000000 0.000016 0.000000 0.348260 0.000000 0.000000 0.000000 0.000000 0.000000 0.000000 0.000000 0.000000 0.000000 0.000000 0.000000 0.000000 0.000000 0.000000 0.000000 0.000366 0.000000 0.000000 0.000091 0.000000 0.000000 0.000000 0.000000 0.001290 0.000000 0.000000 0.000000 0.000000 0.000000 0.000016 0.000000 0.000000 0.000259 0.000000 0.000000 0.000000 0.000000 0.000000 0.000000 0.000000 0.000000 0.000000 0.000004 0.326322 0.000000 0.000000 0.000000 0.003667
 0.000000 0.000000 0.000000 0.002912 0.000000 0.000095 0.000000 0.000000 0.000000 0.024435 0.000000 0.000000 0.000000 0.000000 0.000000 0.016785 0.000323 0.184577 0.023751 0.000000 0.000452 0.005140 0.000000 0.046561 0.000000 0.000508 0.000000 0.000000 0.000000 0.000000 0.000000 0.000000 0.000000 0.000000 0.000000 0.000825 0.000000 0.027557 0.000000 0.000000 0.000000 0.000000 0.000000 0.000000 0.000000 0.000000 0.000000 0.000000 0.000703 0.000000 0.000000 0.000000 0.229188 0.000000 0.000000 0.000000 0.000000 0.000000 0.000262 0.000000 0.000000 0.000000 0.000767 0.000000 0.000112 0.001702 0.000000 0.000000 0.000000 0.003362 0.000000 0.000693 0.000000 0.000193 0.004914 0.000000 0.000000 0.000000 0.000034 0.000000 0.000000 0.000000 0.000000 0.044820 0.000000 0.000000 0.000000 0.112699 0.000000 0.166586 0.000000 0.000000 0.000000 0.099593 0.000000 0.000000 0.000158 0.000000 0.000293 0.000000
 0.000019 0.000000 0.000000 0.002298 0.000000 0.000065 0.000000 0.010034 0.000000 0.000000 0.000000 0.000000 0.000000 0.000000 0.000000 0.000000 0.000000 0.000000 0.000186 0.000000 0.000000 0.000000 0.000000 0.000000 0.000000 0.011709 0.000000 0.000005 0.000000 0.000000 0.443085 0.000000 0.000000 0.000000 0.000000 0.000000 0.000000 0.000000 0.000000 0.000000 0.000000 0.053010 0.000000 0.000000 0.000000 0.000000 0.000000 0.000000 0.000362 0.000000 0.000000 0.000000 0.000000 0.000000 0.000000 0.430277 0.000000 0.000000 0.000000 0.000000 0.000000 0.000000 0.000069 0.000000 0.000781 0.000163 0.001016 0.000000 0.000000 0.000000 0.000000 0.000000 0.000000 0.000000 0.002305 0.000000 0.000000 0.000000 0.000000 0.000000 0.000000 0.000000 0.000000 0.000000 0.000000 0.000000 0.000000 0.000000 0.032472 0.000000 0.000000 0.003715 0.000000 0.000000 0.000000 0.000000 0.008428 0.000000 0.000000 0.000000
 0.000040 0.000029 0.000000 0.000000 0.000000 0.000001 0.000019 0.000079 0.000087 0.000000 0.000000 0.000000 0.000000 0.000000 0.000000 0.000000 0.000000 0.000000 0.000000 0.000000 0.000000 0.000000 0.000023 0.000000 0.345919 0.000000 0.000000 0.000628 0.000000 0.000001 0.000000 0.000040 0.000000 0.000077 0.000000 0.000000 0.000000 0.000000 0.000134 0.000184 0.000000 0.000000 0.000000 0.000258 0.000000 0.000000 0.000038 0.000000 0.000000 0.000187 0.099190 0.000000 0.000000 0.000047 0.000000 0.000000 0.000000 0.023168 0.000000 0.000000 0.185218 0.000000 0.000004 0.001324 0.000000 0.000000 0.022104 0.045985 0.199067 0.000000 0.000000 0.000000 0.023468 0.000000 0.000000 0.000000 0.001301 0.000000 0.000000 0.000000 0.000000 0.000228 0.000000 0.000000 0.049088 0.000000 0.000046 0.000000 0.001303 0.000000 0.000014 0.000000 0.000673 0.000000 0.000000 0.000000 0.000000 0.000026 0.000000 0.000000
 0.000000 0.280683 0.000000 0.000000 0.000039 0.000000 0.000000 0.000000 0.000000 0.000000 0.000000 0.000000 0.002443 0.000015 0.000000 0.000000 0.000000 0.000000 0.000000 0.000000 0.000000 0.000000 0.000000 0.000000 0.000106 0.000000 0.000000 0.000056 0.000000 0.000040 0.000000 0.000000 0.000186 0.000000 0.000000 0.000000 0.000146 0.000000 0.000943 0.000265 0.000000 0.000000 0.000000 0.240827 0.000000 0.000000 0.000000 0.000032 0.000000 0.173500 0.000118 0.000013 0.000000 0.000689 0.000000 0.000000 0.000000 0.000031 0.000000 0.000000 0.000028 0.000000 0.000000 0.001721 0.000000 0.000000 0.000103 0.010598 0.004831 0.000000 0.000000 0.000000 0.012332 0.000000 0.000000 0.000396 0.000000 0.000012 0.000000 0.000000 0.000215 0.000017 0.000000 0.000000 0.082607 0.000000 0.000000 0.000000 0.000199 0.000000 0.000000 0.000000 0.000000 0.000000 0.186748 0.000058 0.000000 0.000000 0.000000 0.000004
 0.000000 0.000000 0.001106 0.000000 0.000000 0.000000 0.062705 0.000000 0.049163 0.000000 0.000000 0.162890 0.000000 0.002885 0.000000 0.000000 0.000000 0.000000 0.000000 0.011586 0.000000 0.000000 0.000031 0.000000 0.000185 0.000000 0.030924 0.000000 0.034740 0.005637 0.000000 0.000000 0.000000 0.247401 0.002111 0.000000 0.000000 0.000000 0.000001 0.000000 0.000170 0.000000 0.009549 0.000000 0.000006 0.019661 0.000000 0.000066 0.000000 0.000000 0.000718 0.000000 0.000000 0.000000 0.338568 0.000000 0.015143 0.000000 0.000000 0.000012 0.000012 0.000063 0.000000 0.000000 0.000000 0.000000 0.000000 0.000000 0.000000 0.000000 0.000030 0.000000 0.000000 0.000000 0.000000 0.000000 0.000139 0.000000 0.000000 0.000000 0.000000 0.000000 0.000001 0.000000 0.000379 0.003411 0.000670 0.000000 0.000000 0.000000 0.000009 0.000000 0.000000 0.000000 0.000000 0.000005 0.000000 0.000011 0.000000 0.000008
 0.000015 0.000000 0.000000 0.000003 0.000000 0.000184 0.000000 0.000000 0.000000 0.381400 0.000010 0.000000 0.000000 0.000000 0.000005 0.000007 0.001899 0.003462 0.000062 0.000000 0.009401 0.000004 0.000001 0.028643 0.000000 0.000015 0.000000 0.000000 0.000000 0.000000 0.000000 0.000003 0.000000 0.000000 0.000000 0.188931 0.000000 0.110568 0.000000 0.000000 0.000000 0.000000 0.000000 0.000000 0.000002 0.000000 0.000035 0.000000 0.000373 0.000000 0.000000 0.000000 0.001574 0.000000 0.000000 0.000000 0.000000 0.000000 0.003965 0.000021 0.000000 0.000000 0.032302 0.000000 0.000000 0.000005 0.000000 0.000000 0.000000 0.000014 0.000000 0.155056 0.000000 0.001350 0.000217 0.000000 0.000003 0.000000 0.039679 0.000000 0.000000 0.000000 0.000000 0.000008 0.000000 0.000000 0.000000 0.000037 0.000000 0.038472 0.000002 0.000000 0.000000 0.000161 0.000000 0.000000 0.000002 0.000001 0.002110 0.000000
 0.000000 0.000415 0.000246 0.000000 0.000030 0.000000 0.008349 0.000000 0.039659 0.000000 0.000000 0.000361 0.003041 0.009594 0.000000 0.000000 0.000000 0.000000 0.000000 0.000000 0.000000 0.000000 0.000000 0.000000 0.007544 0.000000 0.000000 0.000011 0.027142 0.121241 0.000000 0.000000 0.000247 0.016177 0.000000 0.000000 0.000057 0.000000 0.211198 0.000065 0.000140 0.000000 0.000886 0.001883 0.000000 0.000505 0.000000 0.001836 0.000000 0.024973 0.005228 0.000122 0.000000 0.000032 0.000106 0.000000 0.000000 0.000027 0.000000 0.000000 0.000480 0.000000 0.000000 0.000242 0.000000 0.000000 0.000036 0.333748 0.036650 0.000000 0.000034 0.000000 0.061618 0.000000 0.000000 0.000485 0.000000 0.000121 0.000000 0.000000 0.029977 0.053529 0.000233 0.000000 0.000339 0.000000 0.000035 0.000000 0.000141 0.000000 0.000000 0.000000 0.000000 0.000000 0.000008 0.001094 0.000000 0.000000 0.000000 0.000113
 0.000000 0.000000 0.000070 0.000000 0.000000 0.000000 0.029908 0.000000 0.005386 0.000000 0.000000 0.149755 0.000000 0.000053 0.000000 0.000000 0.000000 0.000000 0.000000 0.180731 0.000000 0.000000 0.000728 0.000000 0.000023 0.000000 0.336908 0.000000 0.000146 0.000375 0.000000 0.000000 0.000000 0.001172 0.173425 0.000000 0.000000 0.000000 0.000000 0.000000 0.000029 0.000000 0.002728 0.000000 0.000062 0.000343 0.000000 0.000009 0.000000 0.000000 0.000541 0.000000 0.000000 0.000000 0.011440 0.000000 0.077469 0.000000 0.000000 0.000207 0.000044 0.020491 0.000000 0.000000 0.000000 0.000000 0.000000 0.000000 0.000000 0.000000 0.000005 0.000000 0.000000 0.000000 0.000000 0.000000 0.003382 0.000000 0.000000 0.000000 0.000000 0.000000 0.004446 0.000000 0.000000 0.000004 0.000056 0.000000 0.000000 0.000000 0.000007 0.000000 0.000000 0.000000 0.000000 0.000000 0.000000 0.000056 0.000000 0.000003
 0.000000 0.000001 0.000000 0.000000 0.000000 0.000000 0.128800 0.000000 0.232570 0.000000 0.000000 0.001680 0.000000 0.000000 0.000000 0.000000 0.000000 0.000000 0.000000 0.008535 0.000000 0.000000 0.001642 0.000000 0.086384 0.000000 0.000124 0.000000 0.000000 0.000001 0.000000 0.000000 0.000000 0.007232 0.000097 0.000000 0.000000 0.000000 0.000038 0.000001 0.000000 0.000000 0.000000 0.000002 0.000082 0.000000 0.000000 0.000000 0.000000 0.000019 0.314528 0.000000 0.000000 0.000000 0.000805 0.000000 0.154594 0.000000 0.000000 0.000078 0.033112 0.000294 0.000000 0.000001 0.000000 0.000000 0.000000 0.000081 0.000004 0.000000 0.000000 0.000000 0.000017 0.000000 0.000000 0.000000 0.027814 0.000000 0.000000 0.000000 0.000073 0.000000 0.001055 0.000000 0.000090 0.000067 0.000011 0.000000 0.000000 0.000000 0.000032 0.000000 0.000000 0.000000 0.000000 0.000000 0.000000 0.000136 0.000000 0.000000
 0.000000 0.000000 0.000000 0.000179 0.000000 0.000000 0.000000 0.000000 0.000000 0.000029 0.000000 0.000000 0.000000 0.000000 0.000000 0.227804 0.000005 0.017761 0.001016 0.000000 0.000003 0.095977 0.000000 0.000979 0.000000 0.000091 0.000000 0.000000 0.000000 0.000000 0.000000 0.000000 0.000000 0.000000 0.000000 0.000045 0.000000 0.000432 0.000000 0.000000 0.000000 0.000000 0.000000 0.000000 0.000000 0.000000 0.000000 0.000000 0.000001 0.000000 0.000000 0.000000 0.252890 0.000000 0.000000 0.000000 0.000000 0.000000 0.000006 0.000000 0.000000 0.000000 0.000002 0.000000 0.000015 0.000742 0.000000 0.000000 0.000000 0.021273 0.000000 0.000011 0.000000 0.000003 0.000198 0.000000 0.000000 0.000000 0.155480 0.000000 0.000000 0.000000 0.000000 0.000057 0.000000 0.000000 0.000000 0.000000 0.000000 0.000489 0.000000 0.000000 0.000000 0.224491 0.000000 0.000000 0.000008 0.000000 0.000011 0.000000
 0.000011 0.000357 0.000000 0.000016 0.000000 0.000013 0.000000 0.008709 0.000000 0.000000 0.000000 0.000000 0.000000 0.000000 0.000000 0.000000 0.000000 0.000000 0.000086 0.000000 0.000000 0.000000 0.000000 0.000000 0.000738 0.000052 0.000000 0.156551 0.000000 0.000000 0.161081 0.000000 0.000000 0.000000 0.000000 0.000000 0.000000 0.000000 0.000000 0.007846 0.000000 0.187267 0.000000 0.000083 0.000000 0.000000 0.000000 0.000000 0.000046 0.000043 0.002221 0.000000 0.000000 0.049315 0.000000 0.000295 0.000000 0.012940 0.000000 0.000000 0.001279 0.000000 0.000012 0.006038 0.000003 0.000013 0.291078 0.000057 0.098637 0.000000 0.000000 0.000000 0.000209 0.000000 0.000125 0.000000 0.000000 0.000000 0.000000 0.012009 0.001208 0.000196 0.000000 0.000000 0.000214 0.000000 0.000000 0.000000 0.000426 0.000000 0.000000 0.000744 0.000000 0.000000 0.000000 0.000000 0.000079 0.000000 0.000000 0.000000
 0.000617 0.000000 0.000000 0.000229 0.000000 0.040144 0.000000 0.000020 0.000000 0.279901 0.000000 0.000000 0.000000 0.000000 0.000000 0.000081 0.001043 0.000529 0.060013 0.000000 0.000394 0.000026 0.000000 0.000164 0.000000 0.000051 0.000000 0.000003 0.000000 0.000000 0.000000 0.000027 0.000000 0.000000 0.000000 0.000465 0.000000 0.000457 0.000000 0.000000 0.000000 0.000002 0.000000 0.000000 0.000000 0.000000 0.000152 0.000000 0.115380 0.000000 0.000000 0.000000 0.155925 0.000000 0.000000 0.000035 0.000000 0.000003 0.000109 0.000000 0.000000 0.000000 0.029678 0.000000 0.000011 0.000096 0.000004 0.000000 0.000000 0.000049 0.000000 0.003198 0.000000 0.000064 0.089226 0.000000 0.000000 0.000000 0.174054 0.000000 0.000000 0.000000 0.000000 0.045403 0.000000 0.000000 0.000000 0.000370 0.000000 0.000572 0.000002 0.000918 0.000003 0.000166 0.000000 0.000000 0.000021 0.000011 0.000382 0.000000
 0.001082 0.000000 0.000000 0.000000 0.000000 0.000006 0.000002 0.000021 0.000003 0.000445 0.012434 0.000003 0.000000 0.000000 0.001070 0.000000 0.000863 0.000000 0.000000 0.000055 0.000415 0.000000 0.103998 0.000000 0.000002 0.000000 0.000004 0.000342 0.000000 0.000000 0.000000 0.217943 0.000000 0.000000 0.000125 0.000016 0.000000 0.000000 0.000000 0.000000 0.000000 0.000001 0.000000 0.000000 0.160220 0.000000 0.128896 0.000000 0.000002 0.000000 0.003939 0.000000 0.000000 0.000000 0.000007 0.000002 0.000021 0.001031 0.000207 0.032281 0.000006 0.000145 0.001689 0.000000 0.000000 0.000000 0.000087 0.000000 0.000000 0.000000 0.000000 0.000351 0.000000 0.000151 0.000002 0.000000 0.029347 0.000000 0.000000 0.000000 0.000011 0.000000 0.000007 0.000002 0.000000 0.000004 0.000015 0.000000 0.000000 0.000001 0.000001 0.000014 0.001152 0.000000 0.000000 0.000000 0.000000 0.301579 0.000000 0.000000
 0.204738 0.000000 0.000000 0.000925 0.000000 0.117486 0.000000 0.263009 0.000000 0.000547 0.000000 0.000000 0.000000 0.000000 0.000000 0.000000 0.000000 0.000000 0.004898 0.000000 0.000000 0.000000 0.000002 0.000000 0.000000 0.001255 0.000000 0.005632 0.000000 0.000000 0.000162 0.000105 0.000000 0.000000 0.000000 0.000000 0.000000 0.000000 0.000000 0.000000 0.000000 0.021043 0.000000 0.000000 0.000000 0.000000 0.001623 0.000000 0.063809 0.000000 0.000000 0.000000 0.000000 0.000000 0.000000 0.023159 0.000000 0.000052 0.000000 0.000000 0.000000 0.000000 0.087808 0.000000 0.000151 0.000364 0.070627 0.000000 0.000000 0.000000 0.000000 0.000000 0.000000 0.000000 0.123005 0.000000 0.000005 0.000000 0.000000 0.001191 0.000000 0.000000 0.000000 0.000000 0.000000 0.000000 0.000000 0.000000 0.000645 0.000767 0.000015 0.000023 0.000836 0.000000 0.000000 0.000000 0.005944 0.000173 0.000000 0.000000
 0.126586 0.000000 0.000000 0.000000 0.000000 0.000175 0.000000 0.023297 0.000000 0.000021 0.000000 0.000000 0.000000 0.000000 0.000000 0.000000 0.000000 0.000000 0.000000 0.000000 0.000000 0.000000 0.000146 0.000000 0.000410 0.000000 0.000000 0.330037 0.000000 0.000000 0.000000 0.002501 0.000000 0.000000 0.000000 0.000000 0.000000 0.000000 0.000000 0.000000 0.000000 0.000471 0.000000 0.000000 0.000000 0.000000 0.061604 0.000000 0.000044 0.000000 0.000864 0.000000 0.000000 0.000000 0.000000 0.000104 0.000000 0.213417 0.000000 0.000000 0.001501 0.000000 0.003135 0.000000 0.000000 0.000000 0.142741 0.000000 0.000000 0.000000 0.000000 0.000000 0.000000 0.000000 0.000031 0.000000 0.007609 0.000000 0.000000 0.000000 0.001663 0.000000 0.000000 0.000000 0.000000 0.000000 0.000000 0.000000 0.000000 0.000008 0.003769 0.002569 0.000001 0.000000 0.000000 0.000000 0.000000 0.077297 0.000000 0.000000
 0.000000 0.000000 0.000000 0.000036 0.000000 0.000000 0.000000 0.000000 0.000000 0.000051 0.000000 0.000000 0.000000 0.000000 0.000000 0.079806 0.000013 0.268276 0.000092 0.000000 0.000003 0.208603 0.000000 0.018774 0.000000 0.000130 0.000000 0.000000 0.000000 0.000000 0.000000 0.000000 0.000000 0.000000 0.000000 0.000042 0.000000 0.010326 0.000000 0.000000 0.000000 0.000000 0.000000 0.000000 0.000000 0.000000 0.000000 0.000000 0.000001 0.000000 0.000000 0.000000 0.021674 0.000000 0.000000 0.000000 0.000000 0.000000 0.000002 0.000000 0.000000 0.000000 0.000037 0.000000 0.000006 0.000128 0.000000 0.000000 0.000000 0.016745 0.000000 0.000013 0.000000 0.000001 0.000182 0.000000 0.000000 0.000000 0.142011 0.000000 0.000000 0.000000 0.000000 0.000259 0.000000 0.000000 0.000000 0.232026 0.000000 0.000226 0.000000 0.000000 0.000000 0.000013 0.000000 0.000000 0.000003 0.000000 0.000518 0.000000
 0.000000 0.002115 0.000000 0.000000 0.000027 0.000000 0.000000 0.000000 0.000000 0.000000 0.000000 0.000000 0.222970 0.000020 0.000000 0.000000 0.000000 0.000000 0.000000 0.000000 0.000000 0.000000 0.000000 0.000000 0.000000 0.000000 0.000000 0.000000 0.000000 0.000011 0.000000 0.000000 0.001736 0.000000 0.000000 0.000000 0.000074 0.000000 0.000282 0.000000 0.000000 0.000000 0.000000 0.000790 0.000000 0.000000 0.000000 0.000024 0.000000 0.000081 0.000000 0.000011 0.000000 0.000000 0.000000 0.000000 0.000000 0.000000 0.000000 0.000000 0.000000 0.000000 0.000000 0.000004 0.000000 0.000000 0.000000 0.000004 0.000000 0.000000 0.000000 0.000000 0.000001 0.000000 0.000000 0.288059 0.000000 0.000008 0.000000 0.000000 0.000000 0.483723 0.000000 0.000000 0.000031 0.000000 0.000000 0.000000 0.000000 0.000000 0.000000 0.000000 0.000000 0.000000 0.000001 0.000018 0.000000 0.000000 0.000000 0.000011
 0.000000 0.000029 0.000008 0.000000 0.084642 0.000000 0.000003 0.000000 0.000023 0.000000 0.000000 0.000012 0.009244 0.003213 0.000000 0.000000 0.000000 0.000000 0.000000 0.000000 0.000000 0.000000 0.000000 0.000000 0.000000 0.000000 0.000000 0.000000 0.000544 0.122286 0.000000 0.000000 0.006624 0.000023 0.000000 0.000000 0.026022 0.000000 0.209506 0.000000 0.000157 0.000000 0.000004 0.000014 0.000000 0.000003 0.000000 0.137111 0.000000 0.000057 0.000000 0.185519 0.000000 0.000000 0.000006 0.000000 0.000000 0.000000 0.000000 0.000000 0.000000 0.000000 0.000000 0.000000 0.000000 0.000000 0.000000 0.000996 0.000000 0.000000 0.000076 0.000000 0.000002 0.000000 0.000000 0.001461 0.000000 0.208588 0.000000 0.000000 0.000000 0.000051 0.000005 0.000000 0.001501 0.000000 0.000000 0.000000 0.000000 0.000000 0.000000 0.000000 0.000000 0.000000 0.000006 0.000001 0.000000 0.000000 0.000000 0.002263
 0.000017 0.000000 0.000000 0.262547 0.000000 0.000844 0.000000 0.004724 0.000000 0.000002 0.000000 0.000000 0.000000 0.000000 0.000000 0.000003 0.000000 0.000014 0.087598 0.000000 0.000000 0.000001 0.000000 0.000007 0.000000 0.107172 0.000000 0.000003 0.000000 0.000000 0.000140 0.000000 0.000000 0.000000 0.000000 0.000000 0.000000 0.000011 0.000000 0.000000 0.000000 0.001182 0.000000 0.000000 0.000000 0.000000 0.000000 0.000000 0.004863 0.000000 0.000000 0.000000 0.000258 0.000000 0.000000 0.216145 0.000000 0.000000 0.000000 0.000000 0.000000 0.000000 0.000072 0.000000 0.048027 0.021222 0.000630 0.000000 0.000000 0.000004 0.000000 0.000000 0.000000 0.000000 0.231727 0.000000 0.000000 0.000000 0.000199 0.003889 0.000000 0.000000 0.000000 0.000002 0.000000 0.000000 0.000000 0.000007 0.000098 0.000025 0.000000 0.008557 0.000000 0.000003 0.000000 0.000000 0.000005 0.000000 0.000000 0.000000
 0.004163 0.000000 0.000000 0.000000 0.000000 0.000032 0.000010 0.000091 0.000007 0.000268 0.001316 0.000018 0.000000 0.000000 0.000251 0.000000 0.000202 0.000000 0.000000 0.000606 0.000161 0.000000 0.223279 0.000000 0.000005 0.000000 0.000024 0.002752 0.000000 0.000000 0.000000 0.072038 0.000000 0.000000 0.000352 0.000009 0.000000 0.000000 0.000000 0.000000 0.000000 0.000011 0.000000 0.000000 0.066050 0.000000 0.076217 0.000000 0.000020 0.000000 0.014600 0.000000 0.000000 0.000000 0.000011 0.000008 0.000301 0.025493 0.000133 0.071691 0.000011 0.000997 0.002063 0.000000 0.000000 0.000000 0.000513 0.000000 0.000000 0.000000 0.000000 0.000144 0.000000 0.000057 0.000008 0.000000 0.123413 0.000000 0.000000 0.000000 0.000019 0.000000 0.000008 0.000001 0.000000 0.000031 0.000063 0.000000 0.000000 0.000009 0.289700 0.000156 0.022687 0.000000 0.000000 0.000000 0.000000 0.000002 0.000000 0.000000
 0.000000 0.000000 0.000000 0.000000 0.000000 0.000012 0.000000 0.000000 0.000000 0.000242 0.000000 0.000000 0.000000 0.000000 0.000000 0.000005 0.003268 0.004172 0.000000 0.000000 0.000229 0.000005 0.000000 0.068157 0.000000 0.000000 0.000000 0.000000 0.000000 0.000000 0.000000 0.000000 0.000000 0.000000 0.000000 0.399442 0.000000 0.371502 0.000000 0.000000 0.000000 0.000000 0.000000 0.000000 0.000000 0.000000 0.000000 0.000000 0.000035 0.000000 0.000000 0.000000 0.000043 0.000000 0.000000 0.000000 0.000000 0.000000 0.138098 0.000000 0.000000 0.000000 0.000099 0.000000 0.000000 0.000000 0.000000 0.000000 0.000000 0.000000 0.000000 0.000574 0.000000 0.001152 0.000000 0.000000 0.000000 0.000000 0.001068 0.000000 0.000000 0.000000 0.000000 0.008695 0.000000 0.000000 0.000000 0.000029 0.000000 0.001334 0.000000 0.000000 0.000000 0.001325 0.000000 0.000000 0.000000 0.000000 0.000513 0.000000
 0.000000 0.000000 0.000373 0.000000 0.000691 0.000000 0.000002 0.000000 0.000011 0.000000 0.000000 0.000004 0.000083 0.153943 0.000000 0.000000 0.000000 0.000000 0.000000 0.000000 0.000000 0.000000 0.000000 0.000000 0.000000 0.000000 0.000001 0.000000 0.000675 0.014611 0.000000 0.000000 0.000077 0.000013 0.000000 0.000000 0.000447 0.000000 0.005196 0.000000 0.227870 0.000000 0.000078 0.000011 0.000000 0.000019 0.000000 0.326386 0.000000 0.000003 0.000000 0.010238 0.000000 0.000000 0.000007 0.000000 0.000000 0.000000 0.000000 0.000000 0.000000 0.000000 0.000000 0.000000 0.000000 0.000000 0.000000 0.000187 0.000000 0.000000 0.253209 0.000000 0.000000 0.000000 0.000000 0.000084 0.000000 0.002834 0.000000 0.000000 0.000000 0.000005 0.000008 0.000000 0.000188 0.000002 0.000000 0.000000 0.000000 0.000000 0.000000 0.000000 0.000000 0.000000 0.000005 0.002735 0.000000 0.000000 0.000000 0.000004
