the mean of prob-rank is 20.0
the number of false negetive edges is 100
the number of probability greater than 0 is 31.01/edge
TYPE: Probability
DIMENSIOn: 100
 0.000008 0.000000 0.000000 0.000000 0.000000 0.000000 0.000000 0.086308 0.000000 0.000000 0.000000 0.000000 0.002374 0.000106 0.054812 0.000000 0.000000 0.242343 0.000000 0.000000 0.000034 0.000000 0.000000 0.000000 0.000000 0.000000 0.000000 0.000000 0.000000 0.000000 0.000000 0.000000 0.000000 0.000000 0.000000 0.000000 0.000000 0.000000 0.000000 0.000000 0.000000 0.000000 0.000000 0.000000 0.000000 0.000000 0.000000 0.000000 0.000021 0.000000 0.000003 0.000000 0.000000 0.000000 0.000000 0.000000 0.000000 0.000000 0.000000 0.339373 0.000000 0.049035 0.001433 0.000000 0.000000 0.000000 0.000502 0.001866 0.049541 0.000000 0.168070 0.000000 0.000000 0.000000 0.000000 0.000000 0.000000 0.000000 0.000000 0.000000 0.000000 0.000003 0.000003 0.000000 0.000014 0.001123 0.001795 0.000000 0.000000 0.000432 0.000000 0.000000 0.000000 0.000000 0.000000 0.000000 0.000802 0.000000 0.000000 0.000000
 0.000000 0.000001 0.000000 0.000000 0.000000 0.000000 0.000000 0.000000 0.000000 0.000000 0.000433 0.000000 0.000000 0.000000 0.000000 0.000257 0.000000 0.000000 0.000000 0.000000 0.000000 0.000000 0.423878 0.000000 0.000000 0.000000 0.000000 0.000000 0.000080 0.000000 0.001326 0.000000 0.000000 0.000000 0.035989 0.000000 0.000000 0.000000 0.000022 0.000004 0.000000 0.000000 0.000000 0.004596 0.000788 0.000000 0.000000 0.000000 0.000000 0.000000 0.000000 0.000230 0.000000 0.000000 0.000002 0.000000 0.000000 0.000064 0.000003 0.000000 0.000000 0.000000 0.000000 0.000000 0.000000 0.000185 0.000000 0.000000 0.000000 0.000000 0.000000 0.000000 0.000000 0.000000 0.000000 0.000001 0.000000 0.000000 0.000000 0.000000 0.000000 0.000000 0.000000 0.001677 0.000000 0.000000 0.000000 0.000461 0.529564 0.000000 0.000000 0.000000 0.000000 0.000010 0.000000 0.000010 0.000000 0.000002 0.000000 0.000417
 0.000000 0.000000 0.000292 0.092592 0.000000 0.010916 0.000000 0.000000 0.011141 0.076653 0.000000 0.001390 0.123464 0.000302 0.000045 0.000427 0.000000 0.000000 0.000000 0.000136 0.004609 0.000000 0.000000 0.000000 0.000000 0.000030 0.001463 0.000012 0.000000 0.000000 0.000000 0.025429 0.268869 0.000000 0.000000 0.011104 0.000000 0.000000 0.000000 0.000000 0.000000 0.000000 0.000000 0.000000 0.000000 0.000000 0.011822 0.000000 0.034072 0.000000 0.000000 0.000000 0.007239 0.000000 0.000000 0.000000 0.000227 0.000000 0.000065 0.000000 0.000000 0.000000 0.000062 0.095930 0.000000 0.000040 0.000447 0.000000 0.000000 0.000000 0.000000 0.000000 0.000000 0.000052 0.023125 0.000000 0.000023 0.067620 0.059510 0.000000 0.000000 0.002559 0.000000 0.000000 0.000173 0.000764 0.000184 0.000000 0.000000 0.000000 0.000000 0.002680 0.000000 0.000899 0.000103 0.000000 0.000080 0.000120 0.063328 0.000000
 0.000000 0.000000 0.187157 0.000010 0.000000 0.000000 0.000000 0.000000 0.049096 0.000000 0.000000 0.053195 0.011197 0.001513 0.000012 0.000000 0.000000 0.000000 0.000000 0.000182 0.028160 0.000000 0.000000 0.000000 0.000000 0.000296 0.000000 0.000000 0.000000 0.000000 0.000000 0.312256 0.003616 0.000000 0.000000 0.000000 0.000000 0.000000 0.000000 0.000000 0.000000 0.000000 0.000000 0.000000 0.000000 0.000000 0.000000 0.000000 0.053447 0.000000 0.000000 0.000000 0.000000 0.000000 0.000000 0.000000 0.000000 0.000000 0.000000 0.000000 0.000000 0.000000 0.000014 0.000000 0.000000 0.000000 0.000126 0.000000 0.000000 0.000000 0.000000 0.000000 0.000000 0.000097 0.132658 0.000000 0.000000 0.052227 0.000000 0.000000 0.000000 0.094593 0.000000 0.000000 0.018648 0.001092 0.000384 0.000000 0.000000 0.000000 0.000000 0.000000 0.000000 0.000000 0.000000 0.000000 0.000027 0.000000 0.000000 0.000000
 0.000000 0.000000 0.000000 0.000000 0.000013 0.000000 0.001013 0.000020 0.000000 0.000000 0.126051 0.000000 0.000006 0.000000 0.000000 0.000000 0.000000 0.000000 0.000000 0.000000 0.000000 0.149008 0.000000 0.000207 0.000128 0.000000 0.000000 0.000000 0.000000 0.019024 0.000000 0.000000 0.000000 0.037456 0.000000 0.007832 0.000000 0.000000 0.000485 0.000281 0.035914 0.000215 0.000077 0.000000 0.000000 0.000000 0.000000 0.000904 0.000000 0.000000 0.000171 0.000000 0.000000 0.000000 0.000041 0.000000 0.000000 0.000000 0.000000 0.000002 0.307863 0.000000 0.000000 0.018042 0.002940 0.000000 0.000001 0.000030 0.000232 0.000000 0.000019 0.000000 0.000000 0.000000 0.000000 0.000000 0.000000 0.000000 0.000000 0.004735 0.251987 0.000000 0.000050 0.000000 0.000000 0.000000 0.000000 0.000000 0.000000 0.001753 0.033478 0.000000 0.000000 0.000000 0.000000 0.000019 0.000000 0.000000 0.000000 0.000000
 0.000000 0.000000 0.010179 0.000000 0.000000 0.000025 0.000000 0.000000 0.000000 0.015255 0.000000 0.000000 0.000000 0.000000 0.000000 0.003916 0.000000 0.000000 0.000063 0.000000 0.000000 0.000000 0.000000 0.000000 0.000000 0.000000 0.016346 0.030636 0.000000 0.000000 0.000002 0.000000 0.000386 0.000000 0.000000 0.000313 0.019110 0.000251 0.000000 0.000000 0.000000 0.000000 0.000000 0.000000 0.000064 0.001133 0.020537 0.000000 0.000000 0.000980 0.000000 0.000000 0.136244 0.000020 0.000000 0.005180 0.000777 0.000009 0.034090 0.000000 0.000000 0.000000 0.000000 0.001045 0.000000 0.000415 0.000000 0.000000 0.000000 0.000000 0.000000 0.000000 0.000200 0.000000 0.000000 0.083853 0.033266 0.000000 0.300586 0.000000 0.000000 0.000000 0.000000 0.000003 0.000000 0.000000 0.000000 0.000004 0.000000 0.000000 0.000000 0.003754 0.000855 0.077248 0.153444 0.000000 0.000000 0.001975 0.047835 0.000000
 0.000000 0.000000 0.000000 0.000000 0.001553 0.000000 0.000002 0.000000 0.000000 0.000000 0.001468 0.000000 0.000000 0.000000 0.000000 0.000000 0.000000 0.000000 0.000000 0.000000 0.000000 0.024371 0.000000 0.048516 0.004214 0.000000 0.000000 0.000000 0.000000 0.015357 0.000000 0.000000 0.000000 0.312220 0.000000 0.000003 0.000000 0.000000 0.083580 0.211319 0.078833 0.186321 0.019867 0.000000 0.000001 0.000000 0.000000 0.000049 0.000000 0.000000 0.000000 0.000017 0.000000 0.000000 0.004664 0.000000 0.000001 0.000000 0.000000 0.000000 0.006388 0.000000 0.000000 0.000000 0.000000 0.000000 0.000000 0.000000 0.000000 0.000000 0.000000 0.000000 0.000000 0.000000 0.000000 0.000000 0.000000 0.000000 0.000000 0.000024 0.000823 0.000000 0.000000 0.000000 0.000000 0.000000 0.000000 0.000000 0.000000 0.000000 0.000000 0.000000 0.000000 0.000000 0.000000 0.000407 0.000000 0.000000 0.000000 0.000002
 0.042515 0.000000 0.000000 0.000000 0.000022 0.000000 0.000000 0.000013 0.000000 0.000000 0.000019 0.000000 0.002077 0.000009 0.009701 0.000000 0.000000 0.001851 0.000000 0.000000 0.000021 0.000004 0.000000 0.000000 0.000000 0.000000 0.000000 0.000000 0.000000 0.000008 0.000000 0.000000 0.000000 0.000002 0.000000 0.000016 0.000000 0.000000 0.000000 0.000000 0.000003 0.000000 0.000000 0.000000 0.000000 0.000000 0.000000 0.000018 0.000002 0.000000 0.002001 0.000000 0.000000 0.000000 0.000000 0.000000 0.000000 0.000000 0.000000 0.206388 0.000006 0.000410 0.000386 0.000891 0.000217 0.000000 0.032617 0.154415 0.325414 0.000000 0.148080 0.000000 0.000000 0.000000 0.000000 0.000000 0.000000 0.000000 0.000000 0.000017 0.000074 0.000000 0.000738 0.000000 0.000001 0.000065 0.000198 0.000000 0.000000 0.070506 0.001133 0.000000 0.000000 0.000000 0.000000 0.000000 0.000160 0.000000 0.000000 0.000000
 0.000000 0.000000 0.011770 0.025662 0.000000 0.000000 0.000000 0.000000 0.000118 0.000762 0.000000 0.054454 0.000255 0.000378 0.000023 0.000000 0.103278 0.000000 0.000059 0.023926 0.000665 0.000000 0.000000 0.000000 0.000000 0.294500 0.001395 0.000068 0.000000 0.000000 0.000000 0.146240 0.003540 0.000000 0.000000 0.000000 0.000007 0.000336 0.000000 0.000000 0.000000 0.000000 0.000000 0.000000 0.000000 0.000050 0.000000 0.000000 0.000627 0.000045 0.000000 0.000000 0.000000 0.000017 0.000000 0.000095 0.000000 0.000000 0.000000 0.000000 0.000000 0.000000 0.000004 0.000000 0.000000 0.000000 0.000010 0.000000 0.000000 0.001963 0.000000 0.008484 0.000184 0.123982 0.001422 0.000000 0.000000 0.188641 0.000000 0.000000 0.000000 0.002523 0.000000 0.000000 0.001774 0.000016 0.000129 0.000000 0.000000 0.000000 0.000000 0.002594 0.000000 0.000000 0.000000 0.000000 0.000004 0.000000 0.000000 0.000000
 0.000000 0.000000 0.076567 0.000000 0.000000 0.016342 0.000000 0.000000 0.000720 0.000100 0.000000 0.000000 0.000000 0.000000 0.000000 0.000061 0.000397 0.000000 0.000056 0.003055 0.000000 0.000000 0.000000 0.000000 0.000000 0.000060 0.319492 0.000155 0.000000 0.000000 0.000000 0.000000 0.275778 0.000000 0.000000 0.000038 0.000015 0.000528 0.000000 0.000000 0.000000 0.000000 0.000000 0.000000 0.000000 0.001198 0.000495 0.000000 0.000000 0.001270 0.000000 0.000000 0.001378 0.000041 0.000000 0.005938 0.000035 0.000000 0.000039 0.000000 0.000000 0.000000 0.000000 0.000129 0.000000 0.000002 0.000000 0.000000 0.000000 0.000056 0.000000 0.000020 0.000466 0.000671 0.000000 0.000131 0.000416 0.001796 0.160665 0.000000 0.000000 0.000000 0.000000 0.000000 0.000000 0.000000 0.000000 0.000000 0.000000 0.000000 0.000000 0.128685 0.000066 0.000216 0.000120 0.000000 0.000000 0.000006 0.002798 0.000000
 0.000000 0.000154 0.000000 0.000000 0.150406 0.000000 0.001143 0.000021 0.000000 0.000000 0.000253 0.000000 0.000000 0.000000 0.000000 0.000572 0.000000 0.000000 0.000000 0.000000 0.000000 0.005258 0.000532 0.000050 0.000096 0.000000 0.000000 0.000000 0.000044 0.001408 0.000075 0.000000 0.000000 0.094771 0.000100 0.057515 0.000000 0.000000 0.101537 0.061201 0.001333 0.000079 0.000036 0.000899 0.003861 0.000000 0.000000 0.000126 0.000000 0.000000 0.000113 0.089074 0.000000 0.000000 0.001686 0.000000 0.000743 0.000000 0.000000 0.000000 0.305961 0.000000 0.000000 0.036339 0.000691 0.000183 0.000000 0.000031 0.000034 0.000000 0.000000 0.000000 0.000000 0.000000 0.000000 0.000000 0.000000 0.000000 0.000000 0.001093 0.059205 0.000000 0.000043 0.000029 0.000000 0.000000 0.000000 0.000017 0.000037 0.000391 0.010564 0.000000 0.000000 0.000000 0.000000 0.002713 0.000000 0.000000 0.000000 0.009583
 0.000000 0.000000 0.002721 0.051533 0.000000 0.000000 0.000000 0.000000 0.100923 0.000000 0.000000 0.000015 0.000983 0.304188 0.000017 0.000000 0.000000 0.000000 0.000000 0.000034 0.006236 0.000000 0.000000 0.000000 0.000000 0.000245 0.000000 0.000000 0.000000 0.000000 0.000000 0.153919 0.000050 0.000000 0.000000 0.000000 0.000000 0.000000 0.000000 0.000000 0.000000 0.000000 0.000000 0.000000 0.000000 0.000000 0.000000 0.000000 0.003993 0.000000 0.000000 0.000000 0.000000 0.000000 0.000000 0.000000 0.000000 0.000000 0.000000 0.000000 0.000000 0.000000 0.000008 0.000000 0.000000 0.000000 0.000105 0.000000 0.000000 0.000000 0.000000 0.000000 0.000000 0.000034 0.012052 0.000000 0.000000 0.001744 0.000000 0.000000 0.000000 0.076684 0.000000 0.000000 0.281327 0.000471 0.002701 0.000000 0.000000 0.000000 0.000000 0.000000 0.000000 0.000000 0.000000 0.000000 0.000018 0.000000 0.000000 0.000000
 0.000929 0.000000 0.105967 0.004754 0.000006 0.000000 0.000000 0.001650 0.000207 0.000000 0.000000 0.000431 0.000219 0.000231 0.023706 0.000000 0.000000 0.001055 0.000000 0.000001 0.066092 0.000003 0.000000 0.000000 0.000000 0.000002 0.000000 0.000000 0.000000 0.000001 0.000000 0.000620 0.000050 0.000000 0.000000 0.000665 0.000000 0.000000 0.000000 0.000000 0.000000 0.000000 0.000000 0.000000 0.000000 0.000000 0.000000 0.000003 0.211995 0.000000 0.000112 0.000000 0.000000 0.000000 0.000000 0.000000 0.000000 0.000000 0.000000 0.000709 0.000003 0.000165 0.022194 0.038396 0.000010 0.000000 0.329628 0.000152 0.043769 0.000000 0.000238 0.000000 0.000000 0.000001 0.006537 0.000000 0.000000 0.000084 0.000000 0.000001 0.000092 0.001162 0.000016 0.000000 0.000198 0.058353 0.000413 0.000000 0.000000 0.008038 0.018216 0.000000 0.000000 0.000000 0.000000 0.000000 0.052925 0.000000 0.000000 0.000000
 0.000072 0.000000 0.000451 0.001117 0.000000 0.000000 0.000000 0.000012 0.000534 0.000000 0.000000 0.231944 0.000401 0.000014 0.000788 0.000000 0.000000 0.000201 0.000000 0.000011 0.013471 0.000000 0.000000 0.000000 0.000000 0.000011 0.000000 0.000000 0.000000 0.000000 0.000000 0.002792 0.000062 0.000000 0.000000 0.000000 0.000000 0.000000 0.000000 0.000000 0.000000 0.000000 0.000000 0.000000 0.000000 0.000000 0.000000 0.000000 0.002169 0.000000 0.000000 0.000000 0.000000 0.000000 0.000000 0.000000 0.000000 0.000000 0.000000 0.000022 0.000000 0.001090 0.000483 0.000000 0.000000 0.000000 0.000276 0.000013 0.000133 0.000000 0.000023 0.000000 0.000000 0.000006 0.002479 0.000000 0.000000 0.000371 0.000000 0.000000 0.000000 0.063803 0.000000 0.000000 0.385325 0.068607 0.222815 0.000000 0.000000 0.000000 0.000000 0.000000 0.000000 0.000000 0.000000 0.000000 0.000506 0.000000 0.000000 0.000000
 0.031468 0.000000 0.000056 0.000007 0.000000 0.000000 0.000000 0.011307 0.000027 0.000000 0.000000 0.000011 0.034764 0.000664 0.000004 0.000000 0.000000 0.003832 0.000000 0.000000 0.013211 0.000000 0.000000 0.000000 0.000000 0.000000 0.000000 0.000000 0.000000 0.000000 0.000000 0.000004 0.000000 0.000000 0.000000 0.000000 0.000000 0.000000 0.000000 0.000000 0.000000 0.000000 0.000000 0.000000 0.000000 0.000000 0.000000 0.000000 0.001293 0.000000 0.000021 0.000000 0.000000 0.000000 0.000000 0.000000 0.000000 0.000000 0.000000 0.012874 0.000000 0.028467 0.222671 0.000000 0.000000 0.000000 0.072409 0.000496 0.139908 0.000000 0.000418 0.000000 0.000000 0.000000 0.000029 0.000000 0.000000 0.000005 0.000000 0.000000 0.000000 0.000029 0.000009 0.000000 0.000129 0.142992 0.138456 0.000000 0.000000 0.001706 0.000000 0.000000 0.000000 0.000000 0.000000 0.000000 0.142735 0.000000 0.000000 0.000000
 0.000000 0.000060 0.000327 0.000000 0.000000 0.003214 0.000000 0.000000 0.000000 0.000047 0.000378 0.000000 0.000000 0.000000 0.000000 0.000045 0.000000 0.000000 0.000000 0.000000 0.000000 0.000000 0.001127 0.000000 0.000000 0.000000 0.000046 0.000030 0.000009 0.000000 0.091490 0.000000 0.000017 0.000000 0.000159 0.013095 0.000002 0.000000 0.000019 0.000008 0.000000 0.000000 0.000000 0.000595 0.198467 0.000000 0.038024 0.000000 0.000000 0.000000 0.000000 0.072801 0.002118 0.000000 0.000003 0.000000 0.131730 0.000017 0.000939 0.000000 0.000000 0.000000 0.000000 0.000396 0.000000 0.099305 0.000000 0.000000 0.000000 0.000000 0.000000 0.000000 0.000000 0.000000 0.000000 0.000035 0.000299 0.000000 0.000795 0.000000 0.000000 0.000000 0.000000 0.000698 0.000000 0.000000 0.000000 0.000452 0.000291 0.000000 0.000000 0.000083 0.000005 0.172553 0.000450 0.000011 0.000000 0.168950 0.000685 0.000227
 0.000000 0.000000 0.000000 0.000000 0.000000 0.000000 0.000000 0.000000 0.264466 0.001074 0.000000 0.000000 0.000000 0.000000 0.000000 0.000000 0.000021 0.000000 0.000144 0.025020 0.000000 0.000000 0.000000 0.000000 0.000000 0.079913 0.006312 0.000488 0.000000 0.000000 0.000000 0.000000 0.000020 0.000000 0.000000 0.000000 0.000011 0.014364 0.000000 0.000000 0.000000 0.000000 0.000000 0.000000 0.000000 0.003170 0.000000 0.000000 0.000000 0.004343 0.000000 0.000000 0.000000 0.001004 0.000000 0.001234 0.000000 0.000000 0.000000 0.000000 0.000000 0.000000 0.000000 0.000000 0.000000 0.000000 0.000000 0.000000 0.000000 0.046763 0.000000 0.402745 0.048340 0.085601 0.000000 0.000000 0.000000 0.005016 0.000000 0.000000 0.000000 0.000000 0.000000 0.000000 0.000000 0.000000 0.000000 0.000000 0.000000 0.000000 0.000000 0.009950 0.000000 0.000000 0.000000 0.000000 0.000000 0.000000 0.000000 0.000000
 0.298605 0.000000 0.000000 0.000000 0.000000 0.000000 0.000000 0.004630 0.000000 0.000000 0.000000 0.000000 0.003320 0.000363 0.008224 0.000000 0.000000 0.000225 0.000000 0.000000 0.000047 0.000000 0.000000 0.000000 0.000000 0.000000 0.000000 0.000000 0.000000 0.000000 0.000000 0.000000 0.000000 0.000000 0.000000 0.000000 0.000000 0.000000 0.000000 0.000000 0.000000 0.000000 0.000000 0.000000 0.000000 0.000000 0.000000 0.000000 0.000065 0.000000 0.000002 0.000000 0.000000 0.000000 0.000000 0.000000 0.000000 0.000000 0.000000 0.024724 0.000000 0.377492 0.000354 0.000000 0.000000 0.000000 0.000371 0.000358 0.003375 0.000000 0.223662 0.000000 0.000000 0.000000 0.000000 0.000000 0.000000 0.000000 0.000000 0.000000 0.000000 0.000010 0.000002 0.000000 0.000014 0.000790 0.052858 0.000000 0.000000 0.000135 0.000000 0.000000 0.000000 0.000000 0.000000 0.000000 0.000373 0.000000 0.000000 0.000000
 0.000000 0.000000 0.000000 0.000000 0.000000 0.000089 0.000000 0.000000 0.000073 0.000074 0.000000 0.000000 0.000000 0.000000 0.000000 0.000000 0.000070 0.000000 0.000025 0.000026 0.000000 0.000000 0.000000 0.000000 0.000000 0.000008 0.000178 0.021318 0.000000 0.000000 0.000000 0.000000 0.000001 0.000000 0.000000 0.000000 0.109463 0.010259 0.000000 0.000000 0.000000 0.000000 0.000000 0.000000 0.000000 0.127088 0.000000 0.000000 0.000000 0.061571 0.000000 0.000000 0.000000 0.328585 0.000000 0.209613 0.000000 0.000000 0.000116 0.000000 0.000000 0.000000 0.000000 0.000000 0.000000 0.000000 0.000000 0.000000 0.000000 0.000570 0.000000 0.000018 0.123395 0.000046 0.000000 0.000945 0.000529 0.000007 0.000014 0.000000 0.000000 0.000000 0.000000 0.000000 0.000000 0.000000 0.000000 0.000000 0.000000 0.000000 0.000000 0.000442 0.004937 0.000000 0.000539 0.000000 0.000000 0.000000 0.000000 0.000000
 0.000000 0.000000 0.000176 0.000116 0.000000 0.000000 0.000000 0.000000 0.029198 0.003944 0.000000 0.000023 0.000001 0.000009 0.000000 0.000000 0.011924 0.000000 0.000025 0.000000 0.000004 0.000000 0.000000 0.000000 0.000000 0.089427 0.022710 0.000111 0.000000 0.000000 0.000000 0.000381 0.154165 0.000000 0.000000 0.000000 0.000013 0.000251 0.000000 0.000000 0.000000 0.000000 0.000000 0.000000 0.000000 0.000490 0.000000 0.000000 0.000007 0.000385 0.000000 0.000000 0.000000 0.000166 0.000000 0.000486 0.000000 0.000000 0.000000 0.000000 0.000000 0.000000 0.000000 0.000000 0.000000 0.000000 0.000000 0.000000 0.000000 0.000215 0.000000 0.000174 0.001095 0.338008 0.000006 0.000000 0.000000 0.322901 0.000000 0.000000 0.000000 0.000007 0.000000 0.000000 0.000007 0.000003 0.000000 0.000000 0.000000 0.000000 0.000000 0.023572 0.000000 0.000000 0.000000 0.000000 0.000000 0.000000 0.000000 0.000000
 0.000016 0.000000 0.004613 0.013942 0.000000 0.000000 0.000000 0.000020 0.000630 0.000000 0.000000 0.003187 0.077065 0.009029 0.010504 0.000000 0.000000 0.000018 0.000000 0.000003 0.000005 0.000000 0.000000 0.000000 0.000000 0.000004 0.000000 0.000000 0.000000 0.000000 0.000000 0.001618 0.000012 0.000000 0.000000 0.000000 0.000000 0.000000 0.000000 0.000000 0.000000 0.000000 0.000000 0.000000 0.000000 0.000000 0.000000 0.000000 0.237837 0.000000 0.000001 0.000000 0.000000 0.000000 0.000000 0.000000 0.000000 0.000000 0.000000 0.000010 0.000000 0.000051 0.017132 0.000000 0.000000 0.000000 0.015418 0.000009 0.000045 0.000000 0.000037 0.000000 0.000000 0.000003 0.150956 0.000000 0.000000 0.000154 0.000000 0.000000 0.000000 0.157152 0.000000 0.000000 0.073256 0.154378 0.050544 0.000000 0.000000 0.000018 0.000000 0.000000 0.000000 0.000000 0.000000 0.000000 0.022333 0.000000 0.000000 0.000000
 0.000000 0.000000 0.000000 0.000000 0.145153 0.000000 0.015486 0.000004 0.000000 0.000000 0.004292 0.000000 0.000004 0.000000 0.000000 0.000000 0.000000 0.000000 0.000000 0.000000 0.000000 0.000009 0.000000 0.003326 0.000144 0.000000 0.000000 0.000000 0.000000 0.259833 0.000000 0.000000 0.000000 0.084312 0.000000 0.000116 0.000000 0.000000 0.001724 0.000602 0.261152 0.005707 0.000133 0.000000 0.000000 0.000000 0.000000 0.004126 0.000000 0.000000 0.000032 0.000000 0.000000 0.000000 0.000064 0.000000 0.000000 0.000000 0.000000 0.000001 0.080465 0.000000 0.000000 0.000261 0.000688 0.000000 0.000002 0.000002 0.000038 0.000000 0.000001 0.000000 0.000000 0.000000 0.000000 0.000000 0.000000 0.000000 0.000000 0.003747 0.125662 0.000000 0.000008 0.000000 0.000000 0.000000 0.000000 0.000000 0.000000 0.000367 0.002518 0.000000 0.000000 0.000000 0.000000 0.000023 0.000000 0.000000 0.000000 0.000000
 0.000000 0.258053 0.000000 0.000000 0.000000 0.000000 0.000000 0.000000 0.000000 0.000000 0.000912 0.000000 0.000000 0.000000 0.000000 0.002926 0.000000 0.000000 0.000000 0.000000 0.000000 0.000000 0.000014 0.000000 0.000000 0.000000 0.000000 0.000000 0.001584 0.000000 0.136527 0.000000 0.000000 0.000003 0.311347 0.000011 0.000000 0.000000 0.000080 0.000005 0.000000 0.000000 0.000000 0.115045 0.080289 0.000000 0.000000 0.000000 0.000000 0.000000 0.000000 0.006817 0.000000 0.000000 0.000009 0.000000 0.000020 0.000091 0.000020 0.000000 0.000003 0.000000 0.000000 0.000000 0.000000 0.001410 0.000000 0.000000 0.000000 0.000000 0.000000 0.000000 0.000000 0.000000 0.000000 0.000009 0.000000 0.000000 0.000000 0.000000 0.000000 0.000000 0.000000 0.024971 0.000000 0.000000 0.000000 0.007410 0.046773 0.000000 0.000000 0.000000 0.000000 0.000328 0.000000 0.000071 0.000000 0.000047 0.000000 0.005225
 0.000000 0.000000 0.000000 0.000000 0.000476 0.000000 0.072631 0.000000 0.000000 0.000000 0.000095 0.000000 0.000000 0.000000 0.000000 0.000000 0.000000 0.000000 0.000000 0.000000 0.000000 0.007836 0.000000 0.000002 0.287402 0.000000 0.000000 0.000000 0.000000 0.022602 0.000000 0.000000 0.000000 0.009095 0.000000 0.000000 0.000000 0.000000 0.000650 0.046921 0.050409 0.273151 0.227530 0.000000 0.000000 0.000000 0.000000 0.000173 0.000000 0.000000 0.000000 0.000000 0.000000 0.000000 0.000476 0.000000 0.000000 0.000000 0.000000 0.000000 0.000317 0.000000 0.000000 0.000000 0.000000 0.000000 0.000000 0.000000 0.000000 0.000000 0.000000 0.000000 0.000000 0.000000 0.000000 0.000000 0.000000 0.000000 0.000000 0.000021 0.000148 0.000000 0.000000 0.000000 0.000000 0.000000 0.000000 0.000000 0.000000 0.000000 0.000000 0.000000 0.000000 0.000000 0.000000 0.000064 0.000000 0.000000 0.000000 0.000000
 0.000000 0.000000 0.000000 0.000000 0.000310 0.000000 0.006648 0.000000 0.000000 0.000000 0.000195 0.000000 0.000000 0.000000 0.000000 0.000000 0.000000 0.000000 0.000000 0.000000 0.000000 0.000359 0.000000 0.302857 0.000003 0.000000 0.000000 0.000000 0.000000 0.002913 0.000000 0.000000 0.000000 0.000759 0.000000 0.000000 0.000000 0.000000 0.000875 0.112803 0.001173 0.079128 0.367210 0.000000 0.000000 0.000000 0.000000 0.000035 0.000000 0.000000 0.000000 0.000000 0.000000 0.000000 0.123184 0.000000 0.000000 0.000000 0.000000 0.000000 0.000173 0.000000 0.000000 0.000000 0.000000 0.000000 0.000000 0.000000 0.000000 0.000000 0.000000 0.000000 0.000000 0.000000 0.000000 0.000000 0.000000 0.000000 0.000000 0.000019 0.000315 0.000000 0.000000 0.000000 0.000000 0.000000 0.000000 0.000000 0.000000 0.000000 0.000000 0.000000 0.000000 0.000000 0.000000 0.001041 0.000000 0.000000 0.000000 0.000000
 0.000000 0.000000 0.000044 0.000212 0.000000 0.000000 0.000000 0.000000 0.404921 0.000088 0.000000 0.000182 0.000003 0.000010 0.000000 0.000000 0.042908 0.000000 0.000009 0.100757 0.000005 0.000000 0.000000 0.000000 0.000000 0.000001 0.000264 0.000038 0.000000 0.000000 0.000000 0.002575 0.000450 0.000000 0.000000 0.000000 0.000003 0.000042 0.000000 0.000000 0.000000 0.000000 0.000000 0.000000 0.000000 0.000021 0.000000 0.000000 0.000006 0.000021 0.000000 0.000000 0.000000 0.000006 0.000000 0.000029 0.000000 0.000000 0.000000 0.000000 0.000000 0.000000 0.000000 0.000000 0.000000 0.000000 0.000000 0.000000 0.000000 0.000387 0.000000 0.000751 0.000112 0.363638 0.000005 0.000000 0.000000 0.081868 0.000000 0.000000 0.000000 0.000010 0.000000 0.000000 0.000009 0.000002 0.000000 0.000000 0.000000 0.000000 0.000000 0.000623 0.000000 0.000000 0.000000 0.000000 0.000000 0.000000 0.000000 0.000000
 0.000000 0.000000 0.001306 0.000000 0.000000 0.015642 0.000000 0.000000 0.001178 0.285388 0.000000 0.000000 0.000000 0.000000 0.000000 0.000054 0.002082 0.000000 0.000121 0.015716 0.000000 0.000000 0.000000 0.000000 0.000000 0.000162 0.000057 0.069903 0.000000 0.000000 0.000000 0.000000 0.042565 0.000000 0.000000 0.000012 0.000625 0.003116 0.000000 0.000000 0.000000 0.000000 0.000000 0.000000 0.000000 0.010746 0.000098 0.000000 0.000000 0.014611 0.000000 0.000000 0.000611 0.000224 0.000000 0.055492 0.000008 0.000000 0.000401 0.000000 0.000000 0.000000 0.000000 0.000017 0.000000 0.000002 0.000000 0.000000 0.000000 0.000206 0.000000 0.000059 0.010683 0.003838 0.000000 0.000235 0.050492 0.026348 0.040510 0.000000 0.000000 0.000000 0.000000 0.000000 0.000000 0.000000 0.000000 0.000000 0.000000 0.000000 0.000000 0.345539 0.000074 0.000097 0.001055 0.000000 0.000000 0.000003 0.000727 0.000000
 0.000000 0.000000 0.000017 0.000000 0.000000 0.045738 0.000000 0.000000 0.000090 0.000216 0.000000 0.000000 0.000000 0.000000 0.000000 0.000054 0.000251 0.000000 0.022483 0.000120 0.000000 0.000000 0.000000 0.000000 0.000000 0.000037 0.109061 0.000004 0.000000 0.000000 0.000004 0.000000 0.000014 0.000000 0.000000 0.000037 0.284763 0.000273 0.000000 0.000000 0.000000 0.000000 0.000000 0.000000 0.000012 0.015824 0.000012 0.000000 0.000000 0.006967 0.000000 0.000000 0.000147 0.000318 0.000000 0.064677 0.000004 0.000051 0.022635 0.000000 0.000000 0.000000 0.000000 0.000000 0.000000 0.000266 0.000000 0.000000 0.000000 0.000059 0.000000 0.000013 0.004287 0.000192 0.000000 0.001637 0.207855 0.000045 0.018500 0.000000 0.000000 0.000000 0.000000 0.000001 0.000000 0.000000 0.000000 0.000002 0.000000 0.000000 0.000000 0.007149 0.126224 0.000562 0.059258 0.000000 0.000000 0.000105 0.000037 0.000000
 0.000000 0.000043 0.000000 0.000000 0.000000 0.000000 0.000000 0.000000 0.000000 0.000000 0.000067 0.000000 0.000000 0.000000 0.000000 0.000022 0.000000 0.000000 0.000000 0.000000 0.000000 0.000000 0.001398 0.000000 0.000000 0.000000 0.000000 0.000000 0.000000 0.000000 0.000026 0.000000 0.000000 0.000000 0.364059 0.000027 0.000000 0.000000 0.022719 0.000045 0.000000 0.000000 0.000000 0.277486 0.000515 0.000000 0.000000 0.000000 0.000000 0.000000 0.000000 0.002052 0.000000 0.000000 0.000462 0.000000 0.000003 0.000000 0.000001 0.000000 0.000001 0.000000 0.000000 0.000000 0.000000 0.000016 0.000000 0.000000 0.000000 0.000000 0.000000 0.000000 0.000000 0.000000 0.000000 0.000000 0.000000 0.000000 0.000000 0.000000 0.000000 0.000000 0.000000 0.000007 0.000000 0.000000 0.000000 0.000004 0.000019 0.000000 0.000000 0.000000 0.000000 0.000000 0.000000 0.045328 0.000000 0.000000 0.000000 0.285698
 0.000000 0.000000 0.000000 0.000000 0.019261 0.000000 0.010143 0.000008 0.000000 0.000000 0.001195 0.000000 0.000001 0.000000 0.000000 0.000000 0.000000 0.000000 0.000000 0.000000 0.000000 0.270058 0.000000 0.009971 0.001219 0.000000 0.000000 0.000000 0.000000 0.000022 0.000000 0.000000 0.000000 0.037984 0.000000 0.000004 0.000000 0.000000 0.000322 0.001637 0.136413 0.004645 0.000310 0.000000 0.000000 0.000000 0.000000 0.319866 0.000000 0.000000 0.000180 0.000000 0.000000 0.000000 0.000019 0.000000 0.000000 0.000000 0.000000 0.000002 0.001747 0.000000 0.000000 0.000160 0.006305 0.000000 0.000001 0.000049 0.000069 0.000000 0.000003 0.000000 0.000000 0.000000 0.000000 0.000000 0.000000 0.000000 0.000000 0.084025 0.092864 0.000000 0.000085 0.000000 0.000000 0.000000 0.000000 0.000000 0.000000 0.000395 0.001014 0.000000 0.000000 0.000000 0.000000 0.000023 0.000000 0.000000 0.000000 0.000000
 0.000000 0.000451 0.000000 0.000000 0.000000 0.000002 0.000000 0.000000 0.000000 0.000000 0.000072 0.000000 0.000000 0.000000 0.000000 0.132776 0.000000 0.000000 0.000000 0.000000 0.000000 0.000000 0.076336 0.000000 0.000000 0.000000 0.000000 0.000003 0.000016 0.000000 0.000006 0.000000 0.000000 0.000001 0.001306 0.000002 0.000002 0.000000 0.000029 0.000004 0.000000 0.000000 0.000000 0.001556 0.110611 0.000000 0.000000 0.000000 0.000000 0.000000 0.000000 0.002513 0.000000 0.000000 0.000005 0.000000 0.000164 0.022589 0.001767 0.000000 0.000001 0.000000 0.000000 0.000000 0.000000 0.173964 0.000000 0.000000 0.000000 0.000000 0.000000 0.000000 0.000000 0.000000 0.000000 0.006914 0.000001 0.000000 0.000000 0.000000 0.000000 0.000000 0.000000 0.214070 0.000000 0.000000 0.000000 0.164135 0.084524 0.000000 0.000000 0.000000 0.000002 0.001783 0.000020 0.000017 0.000000 0.003791 0.000000 0.000565
 0.000000 0.000000 0.050468 0.306589 0.000000 0.000000 0.000000 0.000000 0.274701 0.000000 0.000000 0.156001 0.001433 0.003711 0.000006 0.000000 0.000000 0.000000 0.000000 0.000586 0.003209 0.000000 0.000000 0.000000 0.000000 0.003518 0.000000 0.000000 0.000000 0.000000 0.000000 0.000056 0.002281 0.000000 0.000000 0.000000 0.000000 0.000000 0.000000 0.000000 0.000000 0.000000 0.000000 0.000000 0.000000 0.000000 0.000000 0.000000 0.003517 0.000000 0.000000 0.000000 0.000000 0.000000 0.000000 0.000000 0.000000 0.000000 0.000000 0.000000 0.000000 0.000000 0.000004 0.000000 0.000000 0.000000 0.000017 0.000000 0.000000 0.000000 0.000000 0.000000 0.000000 0.000393 0.015364 0.000000 0.000000 0.123992 0.000000 0.000000 0.000000 0.032318 0.000000 0.000000 0.021614 0.000136 0.000082 0.000000 0.000000 0.000000 0.000000 0.000000 0.000000 0.000000 0.000000 0.000000 0.000006 0.000000 0.000000 0.000000
 0.000000 0.000000 0.267699 0.001781 0.000000 0.000412 0.000000 0.000000 0.003336 0.274885 0.000000 0.000025 0.000059 0.000041 0.000000 0.000022 0.000007 0.000000 0.000001 0.119050 0.000012 0.000000 0.000000 0.000000 0.000000 0.000309 0.047497 0.000010 0.000000 0.000000 0.000000 0.001144 0.000010 0.000000 0.000000 0.000020 0.000000 0.000016 0.000000 0.000000 0.000000 0.000000 0.000000 0.000000 0.000000 0.000001 0.000063 0.000000 0.000093 0.000003 0.000000 0.000000 0.000056 0.000002 0.000000 0.000005 0.000017 0.000000 0.000003 0.000000 0.000000 0.000000 0.000000 0.000060 0.000000 0.000001 0.000001 0.000000 0.000000 0.000008 0.000000 0.000001 0.000013 0.015484 0.000023 0.000000 0.000022 0.198754 0.001717 0.000000 0.000000 0.000034 0.000000 0.000000 0.000012 0.000008 0.000000 0.000000 0.000000 0.000000 0.000000 0.067099 0.000000 0.000018 0.000007 0.000000 0.000000 0.000001 0.000158 0.000000
 0.000000 0.000000 0.000000 0.000000 0.040055 0.000000 0.217797 0.000002 0.000000 0.000000 0.084936 0.000000 0.000000 0.000000 0.000000 0.000000 0.000000 0.000000 0.000000 0.000000 0.000000 0.092556 0.000001 0.004238 0.000336 0.000000 0.000000 0.000000 0.000000 0.040119 0.000001 0.000000 0.000000 0.000021 0.000001 0.000012 0.000000 0.000000 0.109335 0.031528 0.185067 0.018030 0.000693 0.000001 0.000003 0.000000 0.000000 0.000131 0.000000 0.000000 0.000002 0.000228 0.000000 0.000000 0.008056 0.000000 0.000001 0.000000 0.000000 0.000000 0.162880 0.000000 0.000000 0.000032 0.000010 0.000000 0.000000 0.000001 0.000003 0.000000 0.000000 0.000000 0.000000 0.000000 0.000000 0.000000 0.000000 0.000000 0.000000 0.000054 0.002459 0.000000 0.000001 0.000000 0.000000 0.000000 0.000000 0.000000 0.000000 0.000012 0.000051 0.000000 0.000000 0.000000 0.000000 0.001341 0.000000 0.000000 0.000000 0.000005
 0.000000 0.020546 0.000000 0.000000 0.000000 0.000000 0.000000 0.000000 0.000000 0.000000 0.000162 0.000000 0.000000 0.000000 0.000000 0.000387 0.000000 0.000000 0.000000 0.000000 0.000000 0.000000 0.291975 0.000000 0.000000 0.000000 0.000000 0.000000 0.386871 0.000000 0.002191 0.000000 0.000000 0.000002 0.000079 0.000019 0.000000 0.000000 0.002315 0.000013 0.000000 0.000000 0.000000 0.254353 0.006526 0.000000 0.000000 0.000000 0.000000 0.000000 0.000000 0.001593 0.000000 0.000000 0.000117 0.000000 0.000005 0.000028 0.000009 0.000000 0.000007 0.000000 0.000000 0.000000 0.000000 0.000289 0.000000 0.000000 0.000000 0.000000 0.000000 0.000000 0.000000 0.000000 0.000000 0.000004 0.000000 0.000000 0.000000 0.000000 0.000000 0.000000 0.000000 0.000275 0.000000 0.000000 0.000000 0.000479 0.001062 0.000000 0.000000 0.000000 0.000000 0.000026 0.000000 0.004065 0.000000 0.000053 0.000000 0.026548
 0.000000 0.000000 0.016283 0.000000 0.011825 0.000492 0.000003 0.000021 0.000000 0.000056 0.072779 0.000000 0.001136 0.000000 0.000000 0.025091 0.000000 0.000000 0.000000 0.000000 0.000000 0.000181 0.000008 0.000000 0.000000 0.000000 0.000020 0.000039 0.000022 0.000006 0.000002 0.000000 0.000030 0.000018 0.000015 0.000221 0.000000 0.000000 0.000018 0.000015 0.000000 0.000000 0.000000 0.000073 0.000304 0.000000 0.110332 0.000010 0.000000 0.000000 0.000022 0.060773 0.001528 0.000000 0.000016 0.000000 0.315853 0.000000 0.000003 0.000000 0.072308 0.000000 0.000000 0.244840 0.000133 0.000073 0.000065 0.000035 0.000034 0.000000 0.000000 0.000000 0.000000 0.000000 0.000000 0.000000 0.000028 0.000000 0.000648 0.000029 0.005951 0.000000 0.000022 0.000000 0.000000 0.000000 0.000000 0.000000 0.000000 0.000213 0.047956 0.000005 0.000000 0.004339 0.000009 0.000017 0.000000 0.000031 0.005878 0.000187
 0.000000 0.000000 0.000000 0.000000 0.000000 0.044509 0.000000 0.000000 0.000015 0.000032 0.000000 0.000000 0.000000 0.000000 0.000000 0.000005 0.000009 0.000000 0.180097 0.000023 0.000000 0.000000 0.000000 0.000000 0.000000 0.000005 0.001521 0.444237 0.000000 0.000000 0.000004 0.000000 0.000000 0.000000 0.000000 0.000000 0.000004 0.000371 0.000000 0.000000 0.000000 0.000000 0.000000 0.000000 0.000022 0.010057 0.000000 0.000000 0.000000 0.004368 0.000000 0.000000 0.000156 0.000701 0.000000 0.071611 0.000000 0.000148 0.002310 0.000000 0.000000 0.000000 0.000000 0.000000 0.000000 0.000064 0.000000 0.000000 0.000000 0.000033 0.000000 0.000001 0.001488 0.000027 0.000000 0.000855 0.065659 0.000018 0.020872 0.000000 0.000000 0.000000 0.000000 0.000003 0.000000 0.000000 0.000000 0.000002 0.000000 0.000000 0.000000 0.000186 0.138127 0.000041 0.012370 0.000000 0.000000 0.000051 0.000000 0.000000
 0.000000 0.000000 0.000000 0.000000 0.000000 0.000372 0.000000 0.000000 0.000438 0.000729 0.000000 0.000000 0.000000 0.000000 0.000000 0.000000 0.007316 0.000000 0.010711 0.000268 0.000000 0.000000 0.000000 0.000000 0.000000 0.000040 0.004812 0.000271 0.000000 0.000000 0.000000 0.000000 0.000022 0.000000 0.000000 0.000000 0.000235 0.000079 0.000000 0.000000 0.000000 0.000000 0.000000 0.000000 0.000000 0.053247 0.000000 0.000000 0.000000 0.056669 0.000000 0.000000 0.000000 0.380129 0.000000 0.020357 0.000000 0.000000 0.000009 0.000000 0.000000 0.000000 0.000000 0.000000 0.000000 0.000000 0.000000 0.000000 0.000000 0.197794 0.000000 0.014259 0.179111 0.000229 0.000000 0.000413 0.000018 0.000243 0.000023 0.000000 0.000000 0.000000 0.000000 0.000000 0.000000 0.000000 0.000000 0.000000 0.000000 0.000000 0.000000 0.072040 0.000133 0.000000 0.000035 0.000000 0.000000 0.000000 0.000000 0.000000
 0.000000 0.000009 0.000000 0.000000 0.000650 0.000000 0.073056 0.000000 0.000000 0.000000 0.114026 0.000000 0.000000 0.000000 0.000000 0.000032 0.000000 0.000000 0.000000 0.000000 0.000000 0.002371 0.000052 0.000380 0.000485 0.000000 0.000000 0.000000 0.016867 0.000426 0.000034 0.000000 0.000000 0.137001 0.001618 0.000016 0.000000 0.000000 0.000008 0.087832 0.000736 0.003209 0.000132 0.001353 0.000379 0.000000 0.000000 0.000011 0.000000 0.000000 0.000000 0.007304 0.000000 0.000000 0.136497 0.000000 0.000007 0.000000 0.000000 0.000000 0.004654 0.000000 0.000000 0.000000 0.000000 0.000013 0.000000 0.000000 0.000000 0.000000 0.000000 0.000000 0.000000 0.000000 0.000000 0.000000 0.000000 0.000000 0.000000 0.000007 0.000066 0.000000 0.000000 0.000006 0.000000 0.000000 0.000000 0.000003 0.000003 0.000000 0.000000 0.000000 0.000000 0.000000 0.000000 0.361770 0.000000 0.000000 0.000000 0.048987
 0.000000 0.000002 0.000000 0.000000 0.000386 0.000000 0.189398 0.000000 0.000000 0.000000 0.070472 0.000000 0.000000 0.000000 0.000000 0.000014 0.000000 0.000000 0.000000 0.000000 0.000000 0.000849 0.000003 0.028091 0.064087 0.000000 0.000000 0.000000 0.000034 0.002221 0.000004 0.000000 0.000000 0.040508 0.000009 0.000014 0.000000 0.000000 0.090061 0.000005 0.001983 0.071060 0.072288 0.000040 0.000043 0.000000 0.000000 0.000011 0.000000 0.000000 0.000000 0.000332 0.000000 0.000000 0.359489 0.000000 0.000003 0.000000 0.000000 0.000000 0.000520 0.000000 0.000000 0.000000 0.000000 0.000008 0.000000 0.000000 0.000000 0.000000 0.000000 0.000000 0.000000 0.000000 0.000000 0.000000 0.000000 0.000000 0.000000 0.000014 0.000245 0.000000 0.000000 0.000004 0.000000 0.000000 0.000000 0.000003 0.000014 0.000000 0.000000 0.000000 0.000000 0.000000 0.000000 0.006661 0.000000 0.000000 0.000000 0.001124
 0.000000 0.000000 0.000000 0.000000 0.044628 0.000000 0.063902 0.000003 0.000000 0.000000 0.001389 0.000000 0.000000 0.000000 0.000000 0.000000 0.000000 0.000000 0.000000 0.000000 0.000000 0.333131 0.000000 0.027294 0.000603 0.000000 0.000000 0.000000 0.000000 0.167423 0.000000 0.000000 0.000000 0.215050 0.000000 0.000000 0.000000 0.000000 0.000682 0.001794 0.000005 0.054478 0.000880 0.000000 0.000000 0.000000 0.000000 0.000672 0.000000 0.000000 0.000016 0.000000 0.000000 0.000000 0.000027 0.000000 0.000000 0.000000 0.000000 0.000002 0.064581 0.000000 0.000000 0.000389 0.000247 0.000000 0.000000 0.000002 0.000044 0.000000 0.000003 0.000000 0.000000 0.000000 0.000000 0.000000 0.000000 0.000000 0.000000 0.000645 0.021733 0.000000 0.000008 0.000000 0.000000 0.000000 0.000000 0.000000 0.000000 0.000129 0.000231 0.000000 0.000000 0.000000 0.000000 0.000011 0.000000 0.000000 0.000000 0.000000
 0.000000 0.000000 0.000000 0.000000 0.000429 0.000000 0.242744 0.000000 0.000000 0.000000 0.000132 0.000000 0.000000 0.000000 0.000000 0.000000 0.000000 0.000000 0.000000 0.000000 0.000000 0.011701 0.000000 0.237711 0.065347 0.000000 0.000000 0.000000 0.000000 0.009163 0.000000 0.000000 0.000000 0.033674 0.000000 0.000000 0.000000 0.000000 0.004783 0.103293 0.087560 0.000001 0.199491 0.000000 0.000000 0.000000 0.000000 0.000064 0.000000 0.000000 0.000000 0.000000 0.000000 0.000000 0.002954 0.000000 0.000000 0.000000 0.000000 0.000000 0.000598 0.000000 0.000000 0.000000 0.000000 0.000000 0.000000 0.000000 0.000000 0.000000 0.000000 0.000000 0.000000 0.000000 0.000000 0.000000 0.000000 0.000000 0.000000 0.000014 0.000203 0.000000 0.000000 0.000000 0.000000 0.000000 0.000000 0.000000 0.000000 0.000000 0.000000 0.000000 0.000000 0.000000 0.000000 0.000137 0.000000 0.000000 0.000000 0.000000
 0.000000 0.000000 0.000000 0.000000 0.000181 0.000000 0.030438 0.000000 0.000000 0.000000 0.000072 0.000000 0.000000 0.000000 0.000000 0.000000 0.000000 0.000000 0.000000 0.000000 0.000000 0.000320 0.000000 0.232861 0.356636 0.000000 0.000000 0.000000 0.000000 0.000718 0.000000 0.000000 0.000000 0.001523 0.000000 0.000000 0.000000 0.000000 0.000232 0.123573 0.001664 0.234604 0.000000 0.000000 0.000000 0.000000 0.000000 0.000011 0.000000 0.000000 0.000000 0.000000 0.000000 0.000000 0.016774 0.000000 0.000000 0.000000 0.000000 0.000000 0.000124 0.000000 0.000000 0.000000 0.000000 0.000000 0.000000 0.000000 0.000000 0.000000 0.000000 0.000000 0.000000 0.000000 0.000000 0.000000 0.000000 0.000000 0.000000 0.000005 0.000107 0.000000 0.000000 0.000000 0.000000 0.000000 0.000000 0.000000 0.000000 0.000000 0.000000 0.000000 0.000000 0.000000 0.000000 0.000157 0.000000 0.000000 0.000000 0.000000
 0.000000 0.002078 0.000000 0.000000 0.000000 0.000000 0.000000 0.000000 0.000000 0.000000 0.001144 0.000000 0.000000 0.000000 0.000000 0.001146 0.000000 0.000000 0.000000 0.000000 0.000000 0.000000 0.085428 0.000000 0.000000 0.000000 0.000000 0.000000 0.233490 0.000000 0.002067 0.000000 0.000000 0.000002 0.201405 0.000074 0.000000 0.000000 0.001534 0.000045 0.000000 0.000000 0.000000 0.000009 0.123324 0.000000 0.000000 0.000000 0.000000 0.000000 0.000000 0.063210 0.000000 0.000000 0.000071 0.000000 0.000038 0.000009 0.000002 0.000000 0.000006 0.000000 0.000000 0.000000 0.000000 0.000291 0.000000 0.000000 0.000000 0.000000 0.000000 0.000000 0.000000 0.000000 0.000000 0.000002 0.000000 0.000000 0.000000 0.000000 0.000000 0.000000 0.000000 0.000088 0.000000 0.000000 0.000000 0.000075 0.000497 0.000000 0.000000 0.000000 0.000000 0.000035 0.000000 0.000541 0.000000 0.000015 0.000000 0.283375
 0.000000 0.000315 0.000000 0.000000 0.000000 0.000090 0.000001 0.000000 0.000000 0.000000 0.004348 0.000000 0.000000 0.000000 0.000000 0.338403 0.000000 0.000000 0.000000 0.000000 0.000000 0.000000 0.052743 0.000000 0.000000 0.000000 0.000000 0.000011 0.000383 0.000000 0.129956 0.000000 0.000000 0.000004 0.004571 0.000271 0.000013 0.000000 0.000380 0.000042 0.000000 0.000000 0.000000 0.109100 0.000332 0.000000 0.000000 0.000000 0.000000 0.000000 0.000000 0.274093 0.000606 0.000000 0.000028 0.000000 0.013887 0.000052 0.000100 0.000000 0.000016 0.000000 0.000000 0.000000 0.000000 0.017053 0.000000 0.000000 0.000000 0.000000 0.000000 0.000000 0.000000 0.000000 0.000000 0.000060 0.000011 0.000000 0.000016 0.000000 0.000000 0.000000 0.000000 0.005628 0.000000 0.000000 0.000000 0.000927 0.001280 0.000000 0.000000 0.000000 0.000010 0.006151 0.000156 0.000121 0.000000 0.014605 0.000000 0.024235
 0.000000 0.000000 0.000000 0.000000 0.000000 0.001255 0.000000 0.000000 0.000049 0.001239 0.000000 0.000000 0.000000 0.000000 0.000000 0.000000 0.001211 0.000000 0.099507 0.000393 0.000000 0.000000 0.000000 0.000000 0.000000 0.000015 0.012447 0.011748 0.000000 0.000000 0.000000 0.000000 0.000001 0.000000 0.000000 0.000000 0.004786 0.039934 0.000000 0.000000 0.000000 0.000000 0.000000 0.000000 0.000000 0.000000 0.000000 0.000000 0.000000 0.280980 0.000000 0.000000 0.000000 0.024687 0.000000 0.260656 0.000000 0.000000 0.000015 0.000000 0.000000 0.000000 0.000000 0.000000 0.000000 0.000000 0.000000 0.000000 0.000000 0.000090 0.000000 0.000012 0.226937 0.000243 0.000000 0.000320 0.000061 0.000094 0.000025 0.000000 0.000000 0.000000 0.000000 0.000000 0.000000 0.000000 0.000000 0.000000 0.000000 0.000000 0.000000 0.033042 0.000167 0.000000 0.000086 0.000000 0.000000 0.000000 0.000000 0.000000
 0.000000 0.000000 0.018475 0.000000 0.000000 0.034421 0.000000 0.000000 0.000000 0.000774 0.000000 0.000000 0.000000 0.000000 0.000000 0.077647 0.000000 0.000000 0.000000 0.000000 0.000000 0.000000 0.000000 0.000000 0.000000 0.000000 0.000172 0.000013 0.000000 0.000000 0.000000 0.000000 0.000099 0.000000 0.000000 0.117586 0.000000 0.000000 0.000000 0.000000 0.000000 0.000000 0.000000 0.000000 0.000000 0.000000 0.000058 0.000000 0.000000 0.000000 0.000000 0.000000 0.159573 0.000000 0.000000 0.000000 0.189121 0.000000 0.000277 0.000000 0.000000 0.000000 0.000000 0.114414 0.000000 0.000036 0.000000 0.000000 0.000000 0.000000 0.000000 0.000000 0.000000 0.000000 0.000000 0.000000 0.000582 0.000000 0.019717 0.000000 0.000000 0.000000 0.000000 0.000000 0.000000 0.000000 0.000000 0.000000 0.000000 0.000000 0.000000 0.000088 0.000000 0.094358 0.000769 0.000000 0.000000 0.000836 0.170984 0.000000
 0.000000 0.000000 0.000000 0.000000 0.001061 0.000000 0.000038 0.000019 0.000000 0.000000 0.000124 0.000000 0.000004 0.000000 0.000000 0.000000 0.000000 0.000000 0.000000 0.000000 0.000000 0.004969 0.000000 0.000089 0.000017 0.000000 0.000000 0.000000 0.000000 0.370618 0.000000 0.000000 0.000000 0.000144 0.000000 0.000007 0.000000 0.000000 0.000010 0.000009 0.000634 0.000037 0.000006 0.000000 0.000000 0.000000 0.000000 0.000030 0.000000 0.000000 0.024176 0.000000 0.000000 0.000000 0.000007 0.000000 0.000000 0.000000 0.000000 0.000005 0.000131 0.000000 0.000000 0.000540 0.105211 0.000000 0.000001 0.010113 0.000293 0.000000 0.000087 0.000000 0.000000 0.000000 0.000000 0.000000 0.000000 0.000000 0.000000 0.329236 0.086835 0.000000 0.044535 0.000000 0.000000 0.000000 0.000000 0.000000 0.000000 0.017749 0.003260 0.000000 0.000000 0.000000 0.000000 0.000004 0.000000 0.000000 0.000000 0.000000
 0.000011 0.000000 0.038618 0.029970 0.000000 0.000000 0.000000 0.000002 0.000672 0.000000 0.000000 0.002311 0.279954 0.001646 0.001164 0.000000 0.000000 0.000027 0.000000 0.000006 0.269361 0.000000 0.000000 0.000000 0.000000 0.000005 0.000000 0.000000 0.000000 0.000000 0.000000 0.002009 0.000106 0.000000 0.000000 0.000000 0.000000 0.000000 0.000000 0.000000 0.000000 0.000000 0.000000 0.000000 0.000000 0.000000 0.000000 0.000000 0.000005 0.000000 0.000000 0.000000 0.000000 0.000000 0.000000 0.000000 0.000000 0.000000 0.000000 0.000004 0.000000 0.000020 0.002580 0.000000 0.000000 0.000000 0.037764 0.000001 0.000018 0.000000 0.000004 0.000000 0.000000 0.000004 0.150217 0.000000 0.000000 0.000400 0.000000 0.000000 0.000000 0.046979 0.000000 0.000000 0.008876 0.120619 0.000504 0.000000 0.000000 0.000000 0.000000 0.000000 0.000000 0.000000 0.000000 0.000000 0.006143 0.000000 0.000000 0.000000
 0.000000 0.000000 0.000000 0.000000 0.000000 0.001095 0.000000 0.000000 0.000044 0.001326 0.000000 0.000000 0.000000 0.000000 0.000000 0.000000 0.001673 0.000000 0.048621 0.000311 0.000000 0.000000 0.000000 0.000000 0.000000 0.000015 0.017068 0.005217 0.000000 0.000000 0.000000 0.000000 0.000004 0.000000 0.000000 0.000000 0.002097 0.042863 0.000000 0.000000 0.000000 0.000000 0.000000 0.000000 0.000000 0.283380 0.000000 0.000000 0.000000 0.000000 0.000000 0.000000 0.000000 0.019419 0.000000 0.255804 0.000000 0.000000 0.000010 0.000000 0.000000 0.000000 0.000000 0.000000 0.000000 0.000000 0.000000 0.000000 0.000000 0.000083 0.000000 0.000015 0.245574 0.000220 0.000000 0.000266 0.000044 0.000084 0.000019 0.000000 0.000000 0.000000 0.000000 0.000000 0.000000 0.000000 0.000000 0.000000 0.000000 0.000000 0.000000 0.074574 0.000122 0.000000 0.000053 0.000000 0.000000 0.000000 0.000000 0.000000
 0.000003 0.000000 0.000000 0.000000 0.000302 0.000000 0.000000 0.003176 0.000000 0.000000 0.000167 0.000000 0.000223 0.000000 0.000029 0.000000 0.000000 0.000001 0.000000 0.000000 0.000002 0.000058 0.000000 0.000000 0.000000 0.000000 0.000000 0.000000 0.000000 0.000314 0.000000 0.000000 0.000000 0.000003 0.000000 0.000025 0.000000 0.000000 0.000000 0.000000 0.000023 0.000000 0.000000 0.000000 0.000000 0.000000 0.000000 0.036370 0.000000 0.000000 0.000000 0.000000 0.000000 0.000000 0.000000 0.000000 0.000000 0.000000 0.000000 0.000038 0.000048 0.000001 0.000003 0.000730 0.134397 0.000000 0.000013 0.074764 0.007786 0.000000 0.000836 0.000000 0.000000 0.000000 0.000000 0.000000 0.000000 0.000000 0.000000 0.003704 0.006799 0.000000 0.352170 0.000000 0.000000 0.000001 0.000004 0.000000 0.000000 0.362044 0.015967 0.000000 0.000000 0.000000 0.000000 0.000000 0.000002 0.000000 0.000000 0.000000
 0.000000 0.000103 0.000000 0.000000 0.000000 0.000000 0.000016 0.000000 0.000000 0.000000 0.112676 0.000000 0.000000 0.000000 0.000000 0.139447 0.000000 0.000000 0.000000 0.000000 0.000000 0.000000 0.005031 0.000000 0.000000 0.000000 0.000000 0.000000 0.001716 0.000000 0.003317 0.000000 0.000000 0.000322 0.001253 0.060752 0.000000 0.000000 0.008228 0.000365 0.000000 0.000000 0.000000 0.062818 0.307910 0.000000 0.000000 0.000000 0.000000 0.000000 0.000000 0.000095 0.000000 0.000000 0.000309 0.000000 0.074858 0.000008 0.000017 0.000000 0.000700 0.000000 0.000000 0.000000 0.000000 0.000931 0.000000 0.000000 0.000000 0.000000 0.000000 0.000000 0.000000 0.000000 0.000000 0.000001 0.000000 0.000000 0.000000 0.000000 0.000000 0.000000 0.000000 0.000053 0.000000 0.000000 0.000000 0.000029 0.000189 0.000000 0.000000 0.000000 0.000000 0.002319 0.000000 0.001493 0.000000 0.000057 0.000000 0.214986
 0.000000 0.000000 0.011077 0.000000 0.000000 0.223604 0.000000 0.000000 0.000000 0.002112 0.000000 0.000000 0.000000 0.000000 0.000000 0.004236 0.000000 0.000000 0.000000 0.000000 0.000000 0.000000 0.000000 0.000000 0.000000 0.000000 0.001048 0.000162 0.000000 0.000000 0.000000 0.000000 0.000086 0.000000 0.000000 0.001594 0.000110 0.000000 0.000000 0.000000 0.000000 0.000000 0.000000 0.000000 0.000710 0.000000 0.156259 0.000000 0.000000 0.000000 0.000000 0.000000 0.000019 0.000000 0.000000 0.000000 0.002975 0.000041 0.000776 0.000000 0.000000 0.000000 0.000000 0.003360 0.000000 0.000587 0.000000 0.000000 0.000000 0.000000 0.000000 0.000000 0.000000 0.000000 0.000000 0.000016 0.001614 0.000000 0.233004 0.000000 0.000000 0.000000 0.000000 0.000000 0.000000 0.000000 0.000000 0.000002 0.000000 0.000000 0.000000 0.000209 0.000005 0.160836 0.006457 0.000000 0.000000 0.003817 0.185284 0.000000
 0.000000 0.000000 0.000000 0.000000 0.000000 0.000027 0.000000 0.000000 0.000021 0.000053 0.000000 0.000000 0.000000 0.000000 0.000000 0.000000 0.000482 0.000000 0.323238 0.000167 0.000000 0.000000 0.000000 0.000000 0.000000 0.000006 0.000326 0.000296 0.000000 0.000000 0.000000 0.000000 0.000003 0.000000 0.000000 0.000000 0.000419 0.358181 0.000000 0.000000 0.000000 0.000000 0.000000 0.000000 0.000000 0.031017 0.000000 0.000000 0.000000 0.024191 0.000000 0.000000 0.000000 0.000025 0.000000 0.009856 0.000000 0.000000 0.000003 0.000000 0.000000 0.000000 0.000000 0.000000 0.000000 0.000000 0.000000 0.000000 0.000000 0.076588 0.000000 0.000073 0.174294 0.000046 0.000000 0.000113 0.000008 0.000207 0.000004 0.000000 0.000000 0.000000 0.000000 0.000000 0.000000 0.000000 0.000000 0.000000 0.000000 0.000000 0.000000 0.000302 0.000046 0.000000 0.000009 0.000000 0.000000 0.000000 0.000000 0.000000
 0.000000 0.000001 0.000000 0.000000 0.000061 0.000000 0.004446 0.000000 0.000000 0.000000 0.002065 0.000000 0.000000 0.000000 0.000000 0.000006 0.000000 0.000000 0.000000 0.000000 0.000000 0.000096 0.000006 0.000303 0.074431 0.000000 0.000000 0.000000 0.000374 0.000027 0.000006 0.000000 0.000000 0.011008 0.000089 0.000016 0.000000 0.000000 0.148853 0.382329 0.000031 0.002161 0.010436 0.000068 0.000031 0.000000 0.000000 0.000008 0.000000 0.000000 0.000000 0.000299 0.000000 0.000000 0.000008 0.000000 0.000006 0.000000 0.000000 0.000000 0.000160 0.000000 0.000000 0.000000 0.000000 0.000005 0.000000 0.000000 0.000000 0.000000 0.000000 0.000000 0.000000 0.000000 0.000000 0.000000 0.000000 0.000000 0.000000 0.000013 0.000080 0.000000 0.000000 0.000001 0.000000 0.000000 0.000000 0.000001 0.000001 0.000000 0.000000 0.000000 0.000000 0.000000 0.000000 0.361098 0.000000 0.000000 0.000000 0.001475
 0.000000 0.000000 0.000000 0.000000 0.000000 0.005032 0.000000 0.000000 0.000082 0.005384 0.000000 0.000000 0.000000 0.000000 0.000000 0.000000 0.000413 0.000000 0.143837 0.000341 0.000000 0.000000 0.000000 0.000000 0.000000 0.000018 0.056331 0.042082 0.000000 0.000000 0.000000 0.000000 0.000005 0.000000 0.000000 0.000000 0.029867 0.013380 0.000000 0.000000 0.000000 0.000000 0.000000 0.000000 0.000000 0.228439 0.000000 0.000000 0.000000 0.222288 0.000000 0.000000 0.000000 0.006875 0.000000 0.000002 0.000000 0.000000 0.000170 0.000000 0.000000 0.000000 0.000000 0.000000 0.000000 0.000000 0.000000 0.000000 0.000000 0.000039 0.000000 0.000008 0.131612 0.000214 0.000000 0.001178 0.000912 0.000104 0.000088 0.000000 0.000000 0.000000 0.000000 0.000000 0.000000 0.000000 0.000000 0.000000 0.000000 0.000000 0.000000 0.107996 0.002445 0.000000 0.000859 0.000000 0.000000 0.000000 0.000000 0.000000
 0.000000 0.000000 0.000378 0.000000 0.000000 0.001385 0.000001 0.000000 0.000000 0.000059 0.001066 0.000000 0.000000 0.000000 0.000000 0.286256 0.000000 0.000000 0.000000 0.000000 0.000000 0.000000 0.000016 0.000000 0.000000 0.000000 0.000014 0.000004 0.000003 0.000000 0.000246 0.000000 0.000029 0.000002 0.000004 0.358211 0.000000 0.000000 0.000009 0.000003 0.000000 0.000000 0.000000 0.000043 0.017698 0.000000 0.201251 0.000000 0.000000 0.000000 0.000000 0.084925 0.003233 0.000000 0.000007 0.000000 0.000028 0.000000 0.000013 0.000000 0.000014 0.000000 0.000000 0.002802 0.000000 0.000086 0.000000 0.000000 0.000000 0.000000 0.000000 0.000000 0.000000 0.000000 0.000000 0.000000 0.000017 0.000000 0.000418 0.000000 0.000000 0.000000 0.000000 0.000000 0.000000 0.000000 0.000000 0.000000 0.000000 0.000000 0.000000 0.000014 0.000000 0.038448 0.000039 0.000009 0.000000 0.000063 0.003165 0.000040
 0.000000 0.000038 0.000000 0.000000 0.000000 0.000018 0.000000 0.000000 0.000000 0.000000 0.000000 0.000000 0.000000 0.000000 0.000000 0.000043 0.000000 0.000000 0.000000 0.000000 0.000000 0.000000 0.000087 0.000000 0.000000 0.000000 0.000000 0.000070 0.000001 0.000000 0.038946 0.000000 0.000000 0.000000 0.000029 0.000000 0.000131 0.000000 0.000000 0.000000 0.000000 0.000000 0.000000 0.000012 0.000076 0.000000 0.000000 0.000000 0.000000 0.000000 0.000000 0.000011 0.000051 0.000000 0.000000 0.000000 0.000000 0.000257 0.106845 0.000000 0.000000 0.000000 0.000000 0.000000 0.000000 0.146793 0.000000 0.000000 0.000000 0.000000 0.000000 0.000000 0.000000 0.000000 0.000000 0.274870 0.000143 0.000000 0.000018 0.000000 0.000000 0.000000 0.000000 0.045694 0.000000 0.000000 0.000000 0.236396 0.142372 0.000000 0.000000 0.000000 0.002356 0.000102 0.003457 0.000000 0.000000 0.001184 0.000000 0.000001
 0.000000 0.000001 0.000049 0.000000 0.000000 0.027676 0.000000 0.000000 0.000000 0.000029 0.000000 0.000000 0.000000 0.000000 0.000000 0.000929 0.000000 0.000000 0.000067 0.000000 0.000000 0.000000 0.000008 0.000000 0.000000 0.000000 0.000340 0.012309 0.000000 0.000000 0.001205 0.000000 0.000003 0.000000 0.000004 0.000002 0.000805 0.000005 0.000000 0.000000 0.000000 0.000000 0.000000 0.000001 0.000058 0.000011 0.000134 0.000000 0.000000 0.000007 0.000000 0.000009 0.000384 0.000001 0.000000 0.000142 0.000006 0.042239 0.000011 0.000000 0.000000 0.000000 0.000000 0.000007 0.000000 0.071056 0.000000 0.000000 0.000000 0.000000 0.000000 0.000000 0.000003 0.000000 0.000000 0.167027 0.184046 0.000000 0.000798 0.000000 0.000000 0.000000 0.000000 0.000147 0.000000 0.000000 0.000000 0.000397 0.000133 0.000000 0.000000 0.000552 0.045346 0.092535 0.245374 0.000000 0.000000 0.106026 0.000121 0.000000
 0.257082 0.000000 0.000000 0.000000 0.000004 0.000000 0.000000 0.317385 0.000000 0.000000 0.000000 0.000000 0.001372 0.000024 0.016987 0.000000 0.000000 0.015200 0.000000 0.000000 0.000016 0.000001 0.000000 0.000000 0.000000 0.000000 0.000000 0.000000 0.000000 0.000003 0.000000 0.000000 0.000000 0.000000 0.000000 0.000000 0.000000 0.000000 0.000000 0.000000 0.000002 0.000000 0.000000 0.000000 0.000000 0.000000 0.000000 0.000007 0.000006 0.000000 0.000036 0.000000 0.000000 0.000000 0.000000 0.000000 0.000000 0.000000 0.000000 0.000002 0.000004 0.003441 0.000335 0.000657 0.000012 0.000000 0.000329 0.006086 0.171590 0.000000 0.206488 0.000000 0.000000 0.000000 0.000000 0.000000 0.000000 0.000000 0.000000 0.000002 0.000014 0.000001 0.000019 0.000000 0.000002 0.000211 0.000496 0.000000 0.000000 0.001921 0.000085 0.000000 0.000000 0.000000 0.000000 0.000000 0.000179 0.000000 0.000000 0.000000
 0.000000 0.000000 0.000000 0.000000 0.320665 0.000000 0.004340 0.000006 0.000000 0.000000 0.267081 0.000000 0.000004 0.000000 0.000000 0.000000 0.000000 0.000000 0.000000 0.000000 0.000000 0.086036 0.000002 0.000144 0.000075 0.000000 0.000000 0.000000 0.000000 0.001798 0.000001 0.000000 0.000000 0.158646 0.000004 0.049881 0.000000 0.000000 0.003618 0.000394 0.054133 0.000312 0.000055 0.000004 0.000012 0.000000 0.000000 0.000116 0.000000 0.000000 0.000028 0.000483 0.000000 0.000000 0.000114 0.000000 0.000008 0.000000 0.000000 0.000003 0.000010 0.000000 0.000000 0.011932 0.000248 0.000000 0.000001 0.000014 0.000078 0.000000 0.000017 0.000000 0.000000 0.000000 0.000000 0.000000 0.000000 0.000000 0.000000 0.000208 0.033717 0.000000 0.000017 0.000000 0.000000 0.000000 0.000000 0.000000 0.000000 0.000236 0.005496 0.000000 0.000000 0.000000 0.000000 0.000054 0.000000 0.000000 0.000000 0.000007
 0.065374 0.000000 0.000000 0.000000 0.000000 0.000000 0.000000 0.001109 0.000000 0.000000 0.000000 0.000000 0.000561 0.002134 0.066106 0.000000 0.000000 0.408447 0.000000 0.000000 0.000147 0.000000 0.000000 0.000000 0.000000 0.000000 0.000000 0.000000 0.000000 0.000000 0.000000 0.000000 0.000000 0.000000 0.000000 0.000000 0.000000 0.000000 0.000000 0.000000 0.000000 0.000000 0.000000 0.000000 0.000000 0.000000 0.000000 0.000000 0.000052 0.000000 0.000002 0.000000 0.000000 0.000000 0.000000 0.000000 0.000000 0.000000 0.000000 0.006057 0.000000 0.000009 0.001659 0.000000 0.000000 0.000000 0.000318 0.000108 0.004067 0.000000 0.003215 0.000000 0.000000 0.000000 0.000000 0.000000 0.000000 0.000000 0.000000 0.000000 0.000000 0.000013 0.000002 0.000000 0.000022 0.001877 0.437901 0.000000 0.000000 0.000032 0.000000 0.000000 0.000000 0.000000 0.000000 0.000000 0.000789 0.000000 0.000000 0.000000
 0.000929 0.000000 0.000088 0.000010 0.000000 0.000000 0.000000 0.000509 0.000005 0.000000 0.000000 0.000006 0.036767 0.000460 0.251552 0.000000 0.000000 0.000186 0.000000 0.000000 0.024341 0.000000 0.000000 0.000000 0.000000 0.000000 0.000000 0.000000 0.000000 0.000000 0.000000 0.000003 0.000000 0.000000 0.000000 0.000000 0.000000 0.000000 0.000000 0.000000 0.000000 0.000000 0.000000 0.000000 0.000000 0.000000 0.000000 0.000000 0.003237 0.000000 0.000002 0.000000 0.000000 0.000000 0.000000 0.000000 0.000000 0.000000 0.000000 0.000287 0.000000 0.000807 0.000000 0.000000 0.000000 0.000000 0.100816 0.000059 0.019459 0.000000 0.000059 0.000000 0.000000 0.000000 0.000066 0.000000 0.000000 0.000002 0.000000 0.000000 0.000000 0.000038 0.000002 0.000000 0.000077 0.251947 0.038655 0.000000 0.000000 0.000213 0.000000 0.000000 0.000000 0.000000 0.000000 0.000000 0.269418 0.000000 0.000000 0.000000
 0.000000 0.000000 0.140091 0.000000 0.027130 0.001637 0.000000 0.001204 0.000000 0.000189 0.045795 0.000000 0.065330 0.000000 0.000000 0.000755 0.000000 0.000000 0.000000 0.000000 0.000000 0.000402 0.000000 0.000000 0.000000 0.000000 0.000027 0.000000 0.000000 0.000237 0.000000 0.000000 0.000088 0.000045 0.000000 0.243836 0.000000 0.000000 0.000000 0.000000 0.000471 0.000000 0.000000 0.000000 0.000000 0.000000 0.106915 0.000692 0.000000 0.000000 0.000622 0.000000 0.003206 0.000000 0.000000 0.000000 0.002461 0.000000 0.000013 0.000578 0.017226 0.000000 0.000000 0.000972 0.004705 0.000000 0.000218 0.000109 0.045231 0.000000 0.000152 0.000000 0.000000 0.000000 0.000000 0.000000 0.000070 0.000000 0.001679 0.000842 0.019529 0.000000 0.000211 0.000000 0.000000 0.000000 0.000000 0.000000 0.000000 0.016789 0.212264 0.000112 0.000000 0.000316 0.000010 0.000000 0.000000 0.000014 0.037826 0.000000
 0.000000 0.000000 0.000000 0.000000 0.005198 0.000000 0.000000 0.000345 0.000000 0.000000 0.001024 0.000000 0.000019 0.000000 0.000000 0.000000 0.000000 0.000000 0.000000 0.000000 0.000000 0.001248 0.000000 0.000000 0.000000 0.000000 0.000000 0.000000 0.000000 0.011011 0.000000 0.000000 0.000000 0.000016 0.000000 0.000156 0.000000 0.000000 0.000000 0.000000 0.000352 0.000000 0.000000 0.000000 0.000000 0.000000 0.000000 0.158585 0.000000 0.000000 0.134658 0.000000 0.000000 0.000000 0.000000 0.000000 0.000000 0.000000 0.000000 0.000012 0.000421 0.000000 0.000000 0.005532 0.000004 0.000000 0.000003 0.004658 0.005045 0.000000 0.000132 0.000000 0.000000 0.000000 0.000000 0.000000 0.000000 0.000000 0.000000 0.179878 0.151775 0.000000 0.064840 0.000000 0.000000 0.000000 0.000000 0.000000 0.000000 0.165105 0.109981 0.000000 0.000000 0.000000 0.000000 0.000000 0.000000 0.000000 0.000000 0.000000
 0.000000 0.000054 0.000038 0.000000 0.000000 0.000425 0.000000 0.000000 0.000000 0.000002 0.000151 0.000000 0.000000 0.000000 0.000000 0.123910 0.000000 0.000000 0.000000 0.000000 0.000000 0.000000 0.000678 0.000000 0.000000 0.000000 0.000003 0.000182 0.000009 0.000000 0.149571 0.000000 0.000001 0.000000 0.000148 0.000048 0.000028 0.000000 0.000010 0.000006 0.000000 0.000000 0.000000 0.000189 0.012479 0.000000 0.000022 0.000000 0.000000 0.000000 0.000000 0.000607 0.000366 0.000000 0.000004 0.000000 0.000049 0.073203 0.089632 0.000000 0.000000 0.000000 0.000000 0.000000 0.000000 0.000017 0.000000 0.000000 0.000000 0.000000 0.000000 0.000000 0.000000 0.000000 0.000000 0.136808 0.000229 0.000000 0.000038 0.000000 0.000000 0.000000 0.000000 0.043790 0.000000 0.000000 0.000000 0.098677 0.004547 0.000000 0.000000 0.000000 0.000247 0.047137 0.029495 0.000005 0.000000 0.187034 0.000028 0.000134
 0.000231 0.000000 0.000451 0.000063 0.000001 0.000000 0.000000 0.030470 0.000010 0.000000 0.000000 0.000054 0.387445 0.000187 0.058038 0.000000 0.000000 0.000139 0.000000 0.000000 0.015542 0.000002 0.000000 0.000000 0.000000 0.000000 0.000000 0.000000 0.000000 0.000001 0.000000 0.000009 0.000001 0.000000 0.000000 0.000044 0.000000 0.000000 0.000000 0.000000 0.000000 0.000000 0.000000 0.000000 0.000000 0.000000 0.000000 0.000001 0.033613 0.000000 0.000008 0.000000 0.000000 0.000000 0.000000 0.000000 0.000000 0.000000 0.000000 0.000200 0.000001 0.000110 0.071530 0.000151 0.000002 0.000000 0.000006 0.000059 0.066242 0.000000 0.000020 0.000000 0.000000 0.000000 0.000535 0.000000 0.000000 0.000003 0.000000 0.000001 0.000027 0.000199 0.000003 0.000000 0.000054 0.199508 0.000750 0.000000 0.000000 0.000438 0.002213 0.000000 0.000000 0.000000 0.000000 0.000000 0.131643 0.000000 0.000000 0.000000
 0.001245 0.000000 0.000000 0.000000 0.000045 0.000000 0.000000 0.209171 0.000000 0.000000 0.000039 0.000000 0.000258 0.000013 0.000576 0.000000 0.000000 0.000194 0.000000 0.000000 0.000013 0.000004 0.000000 0.000000 0.000000 0.000000 0.000000 0.000000 0.000000 0.000073 0.000000 0.000000 0.000000 0.000002 0.000000 0.000035 0.000000 0.000000 0.000000 0.000000 0.000003 0.000000 0.000000 0.000000 0.000000 0.000000 0.000000 0.012986 0.000002 0.000000 0.063811 0.000000 0.000000 0.000000 0.000000 0.000000 0.000000 0.000000 0.000000 0.005361 0.000020 0.000054 0.000061 0.000109 0.003967 0.000000 0.000086 0.000100 0.077867 0.000000 0.240448 0.000000 0.000000 0.000000 0.000000 0.000000 0.000000 0.000000 0.000000 0.000223 0.000168 0.000000 0.298132 0.000000 0.000003 0.000091 0.000090 0.000000 0.000000 0.083688 0.001016 0.000000 0.000000 0.000000 0.000000 0.000000 0.000048 0.000000 0.000000 0.000000
 0.023253 0.000000 0.000000 0.000000 0.000246 0.000000 0.000000 0.310076 0.000000 0.000000 0.000031 0.000000 0.052475 0.000091 0.114383 0.000000 0.000000 0.001286 0.000000 0.000000 0.000047 0.000041 0.000000 0.000000 0.000000 0.000000 0.000000 0.000000 0.000000 0.000072 0.000000 0.000000 0.000000 0.000003 0.000000 0.000024 0.000000 0.000000 0.000000 0.000000 0.000037 0.000000 0.000000 0.000000 0.000000 0.000000 0.000000 0.000265 0.000016 0.000000 0.004674 0.000000 0.000000 0.000000 0.000000 0.000000 0.000000 0.000000 0.000000 0.106321 0.000080 0.001432 0.014083 0.031871 0.003023 0.000000 0.067567 0.054774 0.000125 0.000000 0.012775 0.000000 0.000000 0.000000 0.000000 0.000000 0.000000 0.000000 0.000000 0.000147 0.001306 0.000001 0.001236 0.000000 0.000004 0.007874 0.002037 0.000000 0.000000 0.137263 0.042985 0.000000 0.000000 0.000000 0.000000 0.000000 0.008076 0.000000 0.000000 0.000000
 0.000000 0.000000 0.000000 0.000000 0.000000 0.000000 0.000000 0.000000 0.004870 0.000147 0.000000 0.000000 0.000000 0.000000 0.000000 0.000000 0.045304 0.000000 0.001132 0.000437 0.000000 0.000000 0.000000 0.000000 0.000000 0.000698 0.000605 0.000112 0.000000 0.000000 0.000000 0.000000 0.000022 0.000000 0.000000 0.000000 0.000040 0.376211 0.000000 0.000000 0.000000 0.000000 0.000000 0.000000 0.000000 0.000228 0.000000 0.000000 0.000000 0.000209 0.000000 0.000000 0.000000 0.154598 0.000000 0.000113 0.000000 0.000000 0.000000 0.000000 0.000000 0.000000 0.000000 0.000000 0.000000 0.000000 0.000000 0.000000 0.000000 0.000108 0.000000 0.410767 0.002523 0.001078 0.000000 0.000000 0.000000 0.000441 0.000000 0.000000 0.000000 0.000000 0.000000 0.000000 0.000000 0.000000 0.000000 0.000000 0.000000 0.000000 0.000000 0.000359 0.000000 0.000000 0.000000 0.000000 0.000000 0.000000 0.000000 0.000000
 0.126869 0.000000 0.000000 0.000000 0.000033 0.000000 0.000000 0.226919 0.000000 0.000000 0.000000 0.000000 0.000459 0.000026 0.000549 0.000000 0.000000 0.137022 0.000000 0.000000 0.000061 0.000001 0.000000 0.000000 0.000000 0.000000 0.000000 0.000000 0.000000 0.000004 0.000000 0.000000 0.000000 0.000000 0.000000 0.000000 0.000000 0.000000 0.000000 0.000000 0.000004 0.000000 0.000000 0.000000 0.000000 0.000000 0.000000 0.000126 0.000006 0.000000 0.000807 0.000000 0.000000 0.000000 0.000000 0.000000 0.000000 0.000000 0.000000 0.205762 0.000028 0.001821 0.000069 0.000172 0.000127 0.000000 0.000033 0.272010 0.020545 0.000000 0.000170 0.000000 0.000000 0.000000 0.000000 0.000000 0.000000 0.000000 0.000000 0.000010 0.000024 0.000005 0.002099 0.000000 0.000017 0.000075 0.000200 0.000000 0.000000 0.003839 0.000047 0.000000 0.000000 0.000000 0.000000 0.000000 0.000060 0.000000 0.000000 0.000000
 0.000000 0.000000 0.000000 0.000000 0.000000 0.000000 0.000000 0.000000 0.024644 0.000060 0.000000 0.000000 0.000000 0.000000 0.000000 0.000000 0.456852 0.000000 0.000042 0.000415 0.000000 0.000000 0.000000 0.000000 0.000000 0.001586 0.000202 0.000029 0.000000 0.000000 0.000000 0.000000 0.000002 0.000000 0.000000 0.000000 0.000002 0.031755 0.000000 0.000000 0.000000 0.000000 0.000000 0.000000 0.000000 0.000036 0.000000 0.000000 0.000000 0.000045 0.000000 0.000000 0.000000 0.000172 0.000000 0.000027 0.000000 0.000000 0.000000 0.000000 0.000000 0.000000 0.000000 0.000000 0.000000 0.000000 0.000000 0.000000 0.000000 0.480958 0.000000 0.000003 0.000983 0.001976 0.000000 0.000000 0.000000 0.000101 0.000000 0.000000 0.000000 0.000000 0.000000 0.000000 0.000000 0.000000 0.000000 0.000000 0.000000 0.000000 0.000000 0.000110 0.000000 0.000000 0.000000 0.000000 0.000000 0.000000 0.000000 0.000000
 0.000000 0.000000 0.000000 0.000000 0.000000 0.000203 0.000000 0.000000 0.000165 0.000441 0.000000 0.000000 0.000000 0.000000 0.000000 0.000000 0.016893 0.000000 0.088387 0.000803 0.000000 0.000000 0.000000 0.000000 0.000000 0.000073 0.011320 0.002912 0.000000 0.000000 0.000000 0.000000 0.000012 0.000000 0.000000 0.000000 0.000648 0.122888 0.000000 0.000000 0.000000 0.000000 0.000000 0.000000 0.000000 0.207610 0.000000 0.000000 0.000000 0.222757 0.000000 0.000000 0.000000 0.126911 0.000000 0.137383 0.000000 0.000000 0.000004 0.000000 0.000000 0.000000 0.000000 0.000000 0.000000 0.000000 0.000000 0.000000 0.000000 0.000910 0.000000 0.000303 0.000004 0.000863 0.000000 0.000142 0.000010 0.000237 0.000005 0.000000 0.000000 0.000000 0.000000 0.000000 0.000000 0.000000 0.000000 0.000000 0.000000 0.000000 0.000000 0.058065 0.000039 0.000000 0.000014 0.000000 0.000000 0.000000 0.000000 0.000000
 0.000000 0.000000 0.000065 0.000061 0.000000 0.000000 0.000000 0.000000 0.148753 0.000852 0.000000 0.000022 0.000002 0.000005 0.000000 0.000000 0.040107 0.000000 0.000044 0.332318 0.000004 0.000000 0.000000 0.000000 0.000000 0.317315 0.005453 0.000175 0.000000 0.000000 0.000000 0.000251 0.019713 0.000000 0.000000 0.000000 0.000016 0.000211 0.000000 0.000000 0.000000 0.000000 0.000000 0.000000 0.000000 0.000298 0.000000 0.000000 0.000005 0.000267 0.000000 0.000000 0.000000 0.000045 0.000000 0.000299 0.000000 0.000000 0.000000 0.000000 0.000000 0.000000 0.000000 0.000000 0.000000 0.000000 0.000000 0.000000 0.000000 0.000522 0.000000 0.000816 0.001157 0.000001 0.000004 0.000000 0.000000 0.119416 0.000000 0.000000 0.000000 0.000005 0.000000 0.000000 0.000004 0.000003 0.000000 0.000000 0.000000 0.000000 0.000000 0.011792 0.000000 0.000000 0.000000 0.000000 0.000000 0.000000 0.000000 0.000000
 0.000000 0.000000 0.042056 0.119357 0.000000 0.000000 0.000000 0.000000 0.002448 0.000000 0.000000 0.011193 0.013851 0.003020 0.000041 0.000000 0.000000 0.000000 0.000000 0.000008 0.274324 0.000000 0.000000 0.000000 0.000000 0.000006 0.000000 0.000000 0.000000 0.000000 0.000000 0.014079 0.000042 0.000000 0.000000 0.000000 0.000000 0.000000 0.000000 0.000000 0.000000 0.000000 0.000000 0.000000 0.000000 0.000000 0.000000 0.000000 0.241033 0.000000 0.000000 0.000000 0.000000 0.000000 0.000000 0.000000 0.000000 0.000000 0.000000 0.000000 0.000000 0.000000 0.000085 0.000000 0.000000 0.000000 0.000964 0.000000 0.000000 0.000000 0.000000 0.000000 0.000000 0.000005 0.000003 0.000000 0.000000 0.000758 0.000000 0.000000 0.000000 0.223261 0.000000 0.000000 0.021553 0.029891 0.001761 0.000000 0.000000 0.000000 0.000000 0.000000 0.000000 0.000000 0.000000 0.000000 0.000260 0.000000 0.000000 0.000000
 0.000000 0.000000 0.000000 0.000000 0.000000 0.111599 0.000000 0.000000 0.000000 0.000163 0.000000 0.000000 0.000000 0.000000 0.000000 0.000057 0.000000 0.000000 0.000889 0.000000 0.000000 0.000000 0.000006 0.000000 0.000000 0.000000 0.000327 0.001459 0.000000 0.000000 0.007726 0.000000 0.000000 0.000000 0.000003 0.000000 0.000489 0.000372 0.000000 0.000000 0.000000 0.000000 0.000000 0.000002 0.000057 0.000384 0.000000 0.000000 0.000000 0.000317 0.000000 0.000001 0.000013 0.000108 0.000000 0.001615 0.000000 0.178136 0.273811 0.000000 0.000000 0.000000 0.000000 0.000000 0.000000 0.177793 0.000000 0.000000 0.000000 0.000000 0.000000 0.000000 0.000187 0.000000 0.000000 0.000267 0.022959 0.000000 0.001582 0.000000 0.000000 0.000000 0.000000 0.000503 0.000000 0.000000 0.000000 0.006079 0.000145 0.000000 0.000000 0.000132 0.087822 0.000135 0.118968 0.000000 0.000000 0.005894 0.000000 0.000000
 0.000000 0.000000 0.000022 0.000000 0.000000 0.034150 0.000000 0.000000 0.000000 0.000398 0.000000 0.000000 0.000000 0.000000 0.000000 0.000374 0.000000 0.000000 0.000383 0.000000 0.000000 0.000000 0.000000 0.000000 0.000000 0.000000 0.054168 0.142926 0.000000 0.000000 0.000001 0.000000 0.000021 0.000000 0.000000 0.000018 0.028941 0.000012 0.000000 0.000000 0.000000 0.000000 0.000000 0.000000 0.000008 0.000057 0.000357 0.000000 0.000000 0.000041 0.000000 0.000000 0.001009 0.000006 0.000000 0.000964 0.000010 0.000072 0.232726 0.000000 0.000000 0.000000 0.000000 0.000046 0.000000 0.000229 0.000000 0.000000 0.000000 0.000000 0.000000 0.000000 0.000010 0.000000 0.000000 0.017710 0.000002 0.000000 0.005111 0.000000 0.000000 0.000000 0.000000 0.000001 0.000000 0.000000 0.000000 0.000002 0.000000 0.000000 0.000000 0.081354 0.152993 0.009052 0.234465 0.000000 0.000000 0.002072 0.000290 0.000000
 0.000000 0.000000 0.068899 0.026327 0.000000 0.000000 0.000000 0.000000 0.181924 0.001832 0.000000 0.000907 0.000100 0.000253 0.000004 0.000000 0.001889 0.000000 0.000005 0.255179 0.000157 0.000000 0.000000 0.000000 0.000000 0.057423 0.030089 0.000033 0.000000 0.000000 0.000000 0.063658 0.203398 0.000000 0.000000 0.000000 0.000009 0.000180 0.000000 0.000000 0.000000 0.000000 0.000000 0.000000 0.000000 0.000092 0.000000 0.000000 0.000360 0.000082 0.000000 0.000000 0.000000 0.000163 0.000000 0.000117 0.000000 0.000000 0.000000 0.000000 0.000000 0.000000 0.000001 0.000000 0.000000 0.000000 0.000003 0.000000 0.000000 0.000171 0.000000 0.000033 0.000255 0.095986 0.000424 0.000000 0.000000 0.000007 0.000000 0.000000 0.000000 0.000536 0.000000 0.000000 0.000212 0.000025 0.000030 0.000000 0.000000 0.000000 0.000000 0.009237 0.000000 0.000000 0.000000 0.000000 0.000001 0.000000 0.000000 0.000000
 0.000000 0.000000 0.064368 0.000000 0.000000 0.348683 0.000000 0.000000 0.000000 0.173975 0.000000 0.000000 0.000000 0.000000 0.000000 0.001124 0.000000 0.000000 0.000012 0.000000 0.000000 0.000000 0.000000 0.000000 0.000000 0.000000 0.049108 0.014374 0.000000 0.000000 0.000000 0.000000 0.001865 0.000000 0.000000 0.000478 0.010395 0.000018 0.000000 0.000000 0.000000 0.000000 0.000000 0.000000 0.000013 0.000026 0.013647 0.000000 0.000000 0.000020 0.000000 0.000000 0.164688 0.000003 0.000000 0.000105 0.000272 0.000010 0.001140 0.000000 0.000000 0.000000 0.000000 0.001244 0.000000 0.000043 0.000000 0.000000 0.000000 0.000000 0.000000 0.000000 0.000006 0.000000 0.000000 0.001379 0.005775 0.000000 0.000005 0.000000 0.000000 0.000000 0.000000 0.000001 0.000000 0.000000 0.000000 0.000002 0.000000 0.000000 0.000000 0.009799 0.000021 0.023886 0.006778 0.000000 0.000000 0.000210 0.106528 0.000000
 0.000000 0.000000 0.000000 0.000000 0.006125 0.000000 0.000020 0.000020 0.000000 0.000000 0.001185 0.000000 0.000002 0.000000 0.000000 0.000000 0.000000 0.000000 0.000000 0.000000 0.000000 0.004976 0.000000 0.000012 0.000010 0.000000 0.000000 0.000000 0.000000 0.107365 0.000000 0.000000 0.000000 0.000065 0.000000 0.000025 0.000000 0.000000 0.000006 0.000013 0.000671 0.000009 0.000003 0.000000 0.000000 0.000000 0.000000 0.363081 0.000000 0.000000 0.002716 0.000000 0.000000 0.000000 0.000011 0.000000 0.000000 0.000000 0.000000 0.000001 0.000259 0.000000 0.000000 0.000724 0.131604 0.000000 0.000001 0.000191 0.000179 0.000000 0.000008 0.000000 0.000000 0.000000 0.000000 0.000000 0.000000 0.000000 0.000000 0.000001 0.362000 0.000000 0.001174 0.000000 0.000000 0.000000 0.000000 0.000000 0.000000 0.007010 0.010530 0.000000 0.000000 0.000000 0.000000 0.000002 0.000000 0.000000 0.000000 0.000000
 0.000000 0.000000 0.000000 0.000000 0.222052 0.000000 0.000473 0.000059 0.000000 0.000000 0.043724 0.000000 0.000092 0.000000 0.000000 0.000000 0.000000 0.000000 0.000000 0.000000 0.000000 0.113674 0.000000 0.000057 0.000115 0.000000 0.000000 0.000000 0.000000 0.080825 0.000000 0.000000 0.000000 0.002027 0.000000 0.003473 0.000000 0.000000 0.000044 0.000157 0.015412 0.000089 0.000040 0.000000 0.000000 0.000000 0.000000 0.065228 0.000000 0.000000 0.003395 0.000000 0.000000 0.000000 0.000049 0.000000 0.000000 0.000000 0.000000 0.000007 0.028525 0.000000 0.000000 0.011445 0.075637 0.000000 0.000023 0.000098 0.001086 0.000000 0.000013 0.000000 0.000000 0.000000 0.000000 0.000000 0.000000 0.000000 0.000000 0.246576 0.000020 0.000000 0.000603 0.000000 0.000000 0.000000 0.000000 0.000000 0.000000 0.011794 0.073183 0.000000 0.000000 0.000000 0.000000 0.000006 0.000000 0.000000 0.000000 0.000000
 0.000002 0.000000 0.003847 0.070348 0.000000 0.000000 0.000000 0.000000 0.003590 0.000000 0.000000 0.058870 0.002035 0.064237 0.000034 0.000000 0.000000 0.000005 0.000000 0.000008 0.236055 0.000000 0.000000 0.000000 0.000000 0.000010 0.000000 0.000000 0.000000 0.000000 0.000000 0.024479 0.000051 0.000000 0.000000 0.000000 0.000000 0.000000 0.000000 0.000000 0.000000 0.000000 0.000000 0.000000 0.000000 0.000000 0.000000 0.000000 0.062308 0.000000 0.000000 0.000000 0.000000 0.000000 0.000000 0.000000 0.000000 0.000000 0.000000 0.000001 0.000000 0.000007 0.000041 0.000000 0.000000 0.000000 0.000296 0.000000 0.000001 0.000000 0.000005 0.000000 0.000000 0.000006 0.184540 0.000000 0.000000 0.000790 0.000000 0.000000 0.000000 0.000001 0.000000 0.000000 0.272231 0.012016 0.004078 0.000000 0.000000 0.000000 0.000000 0.000000 0.000000 0.000000 0.000000 0.000000 0.000107 0.000000 0.000000 0.000000
 0.000002 0.000000 0.000000 0.000000 0.000085 0.000000 0.000000 0.001132 0.000000 0.000000 0.000062 0.000000 0.000031 0.000000 0.000012 0.000000 0.000000 0.000001 0.000000 0.000000 0.000001 0.000014 0.000000 0.000000 0.000000 0.000000 0.000000 0.000000 0.000000 0.000143 0.000000 0.000000 0.000000 0.000001 0.000000 0.000025 0.000000 0.000000 0.000000 0.000000 0.000011 0.000000 0.000000 0.000000 0.000000 0.000000 0.000000 0.064763 0.000000 0.000000 0.340420 0.000000 0.000000 0.000000 0.000000 0.000000 0.000000 0.000000 0.000000 0.000019 0.000028 0.000001 0.000002 0.000239 0.062555 0.000000 0.000005 0.337655 0.001990 0.000000 0.002101 0.000000 0.000000 0.000000 0.000000 0.000000 0.000000 0.000000 0.000000 0.001548 0.001167 0.000000 0.000001 0.000000 0.000000 0.000001 0.000006 0.000000 0.000000 0.183259 0.002722 0.000000 0.000000 0.000000 0.000000 0.000000 0.000001 0.000000 0.000000 0.000000
 0.000000 0.000811 0.000000 0.000000 0.000000 0.000005 0.000000 0.000000 0.000000 0.000000 0.000039 0.000000 0.000000 0.000000 0.000000 0.001438 0.000000 0.000000 0.000000 0.000000 0.000000 0.000000 0.019828 0.000000 0.000000 0.000000 0.000000 0.000002 0.000006 0.000000 0.304008 0.000000 0.000000 0.000000 0.000233 0.000000 0.000002 0.000000 0.000007 0.000004 0.000000 0.000000 0.000000 0.000095 0.006802 0.000000 0.000000 0.000000 0.000000 0.000000 0.000000 0.000057 0.000000 0.000000 0.000001 0.000000 0.000000 0.037638 0.000306 0.000000 0.000000 0.000000 0.000000 0.000000 0.000000 0.072329 0.000000 0.000000 0.000000 0.000000 0.000000 0.000000 0.000000 0.000000 0.000000 0.000640 0.000001 0.000000 0.000001 0.000000 0.000000 0.000000 0.000000 0.000001 0.000000 0.000000 0.000000 0.345377 0.209972 0.000000 0.000000 0.000000 0.000002 0.000127 0.000018 0.000004 0.000000 0.000186 0.000000 0.000060
 0.000009 0.000000 0.000245 0.013078 0.000000 0.000000 0.000000 0.000002 0.002381 0.000000 0.000000 0.203658 0.000328 0.365829 0.000145 0.000000 0.000000 0.000007 0.000000 0.000008 0.103763 0.000000 0.000000 0.000000 0.000000 0.000009 0.000000 0.000000 0.000000 0.000000 0.000000 0.015438 0.000017 0.000000 0.000000 0.000000 0.000000 0.000000 0.000000 0.000000 0.000000 0.000000 0.000000 0.000000 0.000000 0.000000 0.000000 0.000000 0.011101 0.000000 0.000000 0.000000 0.000000 0.000000 0.000000 0.000000 0.000000 0.000000 0.000000 0.000002 0.000000 0.000011 0.000076 0.000000 0.000000 0.000000 0.000075 0.000003 0.000006 0.000000 0.000015 0.000000 0.000000 0.000005 0.016799 0.000000 0.000000 0.000295 0.000000 0.000000 0.000000 0.256711 0.000000 0.000000 0.000001 0.004464 0.005424 0.000000 0.000000 0.000000 0.000000 0.000000 0.000000 0.000000 0.000000 0.000000 0.000095 0.000000 0.000000 0.000000
 0.000452 0.000000 0.000675 0.000477 0.000000 0.000000 0.000000 0.000053 0.000013 0.000000 0.000000 0.000212 0.060042 0.040579 0.100331 0.000000 0.000000 0.000258 0.000000 0.000002 0.136228 0.000000 0.000000 0.000000 0.000000 0.000001 0.000000 0.000000 0.000000 0.000000 0.000000 0.000061 0.000007 0.000000 0.000000 0.000000 0.000000 0.000000 0.000000 0.000000 0.000000 0.000000 0.000000 0.000000 0.000000 0.000000 0.000000 0.000000 0.093981 0.000000 0.000000 0.000000 0.000000 0.000000 0.000000 0.000000 0.000000 0.000000 0.000000 0.000112 0.000000 0.000567 0.156485 0.000000 0.000000 0.000000 0.174648 0.000055 0.006758 0.000000 0.000040 0.000000 0.000000 0.000002 0.014515 0.000000 0.000000 0.000021 0.000000 0.000000 0.000000 0.007059 0.000000 0.000000 0.002781 0.000005 0.036308 0.000000 0.000000 0.000028 0.000000 0.000000 0.000000 0.000000 0.000000 0.000000 0.167241 0.000000 0.000000 0.000000
 0.001439 0.000000 0.000323 0.000334 0.000000 0.000000 0.000000 0.000323 0.000214 0.000000 0.000000 0.002423 0.000844 0.262208 0.193287 0.000000 0.000000 0.034382 0.000000 0.000000 0.088740 0.000000 0.000000 0.000000 0.000000 0.000000 0.000000 0.000000 0.000000 0.000000 0.000000 0.000073 0.000000 0.000000 0.000000 0.000000 0.000000 0.000000 0.000000 0.000000 0.000000 0.000000 0.000000 0.000000 0.000000 0.000000 0.000000 0.000000 0.000781 0.000000 0.000004 0.000000 0.000000 0.000000 0.000000 0.000000 0.000000 0.000000 0.000000 0.000525 0.000000 0.263253 0.047768 0.000000 0.000000 0.000000 0.001306 0.000108 0.003478 0.000000 0.000212 0.000000 0.000000 0.000000 0.001701 0.000000 0.000000 0.000051 0.000000 0.000000 0.000000 0.004767 0.000007 0.000000 0.006724 0.072239 0.000511 0.000000 0.000000 0.000030 0.000000 0.000000 0.000000 0.000000 0.000000 0.000000 0.011943 0.000000 0.000000 0.000000
 0.000000 0.000208 0.000000 0.000000 0.000000 0.000007 0.000000 0.000000 0.000000 0.000000 0.000021 0.000000 0.000000 0.000000 0.000000 0.000869 0.000000 0.000000 0.000000 0.000000 0.000000 0.000000 0.005488 0.000000 0.000000 0.000000 0.000000 0.000002 0.000003 0.000000 0.217441 0.000000 0.000000 0.000000 0.000378 0.000000 0.000001 0.000000 0.000004 0.000003 0.000000 0.000000 0.000000 0.000074 0.001046 0.000000 0.000000 0.000000 0.000000 0.000000 0.000000 0.000029 0.000002 0.000000 0.000001 0.000000 0.000000 0.181641 0.000771 0.000000 0.000000 0.000000 0.000000 0.000000 0.000000 0.152044 0.000000 0.000000 0.000000 0.000000 0.000000 0.000000 0.000000 0.000000 0.000000 0.007207 0.000003 0.000000 0.000002 0.000000 0.000000 0.000000 0.000000 0.322185 0.000000 0.000000 0.000000 0.000001 0.109811 0.000000 0.000000 0.000000 0.000003 0.000187 0.000053 0.000002 0.000000 0.000487 0.000000 0.000025
 0.000000 0.294167 0.000000 0.000000 0.000000 0.000000 0.000000 0.000000 0.000000 0.000000 0.000058 0.000000 0.000000 0.000000 0.000000 0.000690 0.000000 0.000000 0.000000 0.000000 0.000000 0.000000 0.042678 0.000000 0.000000 0.000000 0.000000 0.000000 0.000019 0.000000 0.137935 0.000000 0.000000 0.000000 0.001034 0.000000 0.000000 0.000000 0.000004 0.000019 0.000000 0.000000 0.000000 0.000611 0.001778 0.000000 0.000000 0.000000 0.000000 0.000000 0.000000 0.000233 0.000000 0.000000 0.000001 0.000000 0.000000 0.134758 0.000317 0.000000 0.000000 0.000000 0.000000 0.000000 0.000000 0.008631 0.000000 0.000000 0.000000 0.000000 0.000000 0.000000 0.000000 0.000000 0.000000 0.000212 0.000000 0.000000 0.000000 0.000000 0.000000 0.000000 0.000000 0.241284 0.000000 0.000000 0.000000 0.135270 0.000130 0.000000 0.000000 0.000000 0.000000 0.000052 0.000000 0.000002 0.000000 0.000050 0.000000 0.000065
 0.000238 0.000000 0.000000 0.000000 0.002179 0.000000 0.000000 0.078845 0.000000 0.000000 0.000407 0.000000 0.011310 0.000000 0.001637 0.000000 0.000000 0.000060 0.000000 0.000000 0.000022 0.000469 0.000000 0.000000 0.000000 0.000000 0.000000 0.000000 0.000000 0.000486 0.000000 0.000000 0.000000 0.000015 0.000000 0.000176 0.000000 0.000000 0.000000 0.000000 0.000129 0.000000 0.000000 0.000000 0.000000 0.000000 0.000000 0.018813 0.000000 0.000000 0.255092 0.000000 0.000000 0.000000 0.000000 0.000000 0.000000 0.000000 0.000000 0.001397 0.000282 0.000013 0.000181 0.013884 0.116105 0.000000 0.000524 0.069088 0.161090 0.000000 0.002802 0.000000 0.000000 0.000000 0.000000 0.000000 0.000000 0.000000 0.000000 0.006738 0.016643 0.000000 0.133579 0.000000 0.000000 0.000039 0.000021 0.000000 0.000000 0.000009 0.107631 0.000000 0.000000 0.000000 0.000000 0.000000 0.000099 0.000000 0.000000 0.000000
 0.000000 0.000000 0.000000 0.000000 0.061673 0.000000 0.000000 0.001877 0.000000 0.000000 0.016309 0.000000 0.037973 0.000000 0.000000 0.000000 0.000000 0.000000 0.000000 0.000000 0.000000 0.004761 0.000000 0.000000 0.000000 0.000000 0.000000 0.000000 0.000000 0.001845 0.000000 0.000000 0.000000 0.000089 0.000000 0.058512 0.000000 0.000000 0.000000 0.000000 0.000343 0.000000 0.000000 0.000000 0.000000 0.000000 0.000000 0.005120 0.000000 0.000000 0.016667 0.000000 0.000000 0.000000 0.000000 0.000000 0.000000 0.000000 0.000000 0.000091 0.009721 0.000000 0.000000 0.260052 0.114582 0.000000 0.003924 0.001242 0.074737 0.000000 0.000051 0.000000 0.000000 0.000000 0.000000 0.000000 0.000000 0.000000 0.000000 0.014994 0.152995 0.000000 0.002939 0.000000 0.000000 0.000000 0.000000 0.000000 0.000000 0.159458 0.000043 0.000000 0.000000 0.000000 0.000000 0.000000 0.000000 0.000000 0.000000 0.000000
 0.000000 0.000000 0.002498 0.000000 0.000000 0.003753 0.000000 0.000000 0.002288 0.120081 0.000000 0.000000 0.000000 0.000000 0.000000 0.000101 0.003428 0.000000 0.000312 0.017041 0.000000 0.000000 0.000000 0.000000 0.000000 0.000400 0.360969 0.004787 0.000000 0.000000 0.000000 0.000000 0.062816 0.000000 0.000000 0.000003 0.000080 0.048728 0.000000 0.000000 0.000000 0.000000 0.000000 0.000000 0.000000 0.029800 0.000053 0.000000 0.000000 0.066688 0.000000 0.000000 0.000128 0.000217 0.000000 0.111137 0.000008 0.000000 0.000679 0.000000 0.000000 0.000000 0.000000 0.000071 0.000000 0.000000 0.000000 0.000000 0.000000 0.000128 0.000000 0.000033 0.057243 0.008671 0.000000 0.000100 0.079218 0.008450 0.008444 0.000000 0.000000 0.000000 0.000000 0.000000 0.000000 0.000000 0.000000 0.000000 0.000000 0.000000 0.000000 0.000010 0.000025 0.000049 0.001337 0.000000 0.000000 0.000004 0.000220 0.000000
 0.000000 0.000000 0.000000 0.000000 0.000000 0.001815 0.000000 0.000000 0.000000 0.000131 0.000000 0.000000 0.000000 0.000000 0.000000 0.000012 0.000000 0.000000 0.007403 0.000000 0.000000 0.000000 0.000000 0.000000 0.000000 0.000000 0.000165 0.179455 0.000000 0.000000 0.000003 0.000000 0.000000 0.000000 0.000000 0.000000 0.125881 0.000191 0.000000 0.000000 0.000000 0.000000 0.000000 0.000000 0.000015 0.000320 0.000000 0.000000 0.000000 0.000232 0.000000 0.000000 0.000006 0.000070 0.000000 0.005342 0.000000 0.002435 0.118556 0.000000 0.000000 0.000000 0.000000 0.000000 0.000000 0.000513 0.000000 0.000000 0.000000 0.000000 0.000000 0.000000 0.000081 0.000000 0.000000 0.140062 0.316325 0.000000 0.000039 0.000000 0.000000 0.000000 0.000000 0.000003 0.000000 0.000000 0.000000 0.000004 0.000000 0.000000 0.000000 0.000052 0.000099 0.000010 0.100690 0.000000 0.000000 0.000091 0.000000 0.000000
 0.000000 0.000003 0.000833 0.000000 0.000000 0.076750 0.000000 0.000000 0.000000 0.000201 0.000000 0.000000 0.000000 0.000000 0.000000 0.208887 0.000000 0.000000 0.000000 0.000000 0.000000 0.000000 0.000153 0.000000 0.000000 0.000000 0.000101 0.000374 0.000000 0.000000 0.001487 0.000000 0.000016 0.000000 0.000013 0.002741 0.000017 0.000000 0.000000 0.000000 0.000000 0.000000 0.000000 0.000022 0.004367 0.000000 0.055936 0.000000 0.000000 0.000000 0.000000 0.001466 0.097367 0.000000 0.000000 0.000000 0.021419 0.000049 0.113246 0.000000 0.000000 0.000000 0.000000 0.000200 0.000000 0.045732 0.000000 0.000000 0.000000 0.000000 0.000000 0.000000 0.000000 0.000000 0.000000 0.000101 0.008761 0.000000 0.020459 0.000000 0.000000 0.000000 0.000000 0.000074 0.000000 0.000000 0.000000 0.000118 0.000027 0.000000 0.000000 0.000049 0.000005 0.000021 0.046806 0.000000 0.000000 0.284299 0.007899 0.000001
 0.000000 0.000000 0.000096 0.000000 0.000000 0.153344 0.000000 0.000000 0.000000 0.000112 0.000000 0.000000 0.000000 0.000000 0.000000 0.000548 0.000000 0.000000 0.000381 0.000000 0.000000 0.000000 0.000000 0.000000 0.000000 0.000000 0.001102 0.039666 0.000000 0.000000 0.000017 0.000000 0.000007 0.000000 0.000000 0.000006 0.005308 0.000024 0.000000 0.000000 0.000000 0.000000 0.000000 0.000000 0.000112 0.000078 0.000459 0.000000 0.000000 0.000048 0.000000 0.000000 0.003932 0.000007 0.000000 0.000884 0.000022 0.001682 0.302044 0.000000 0.000000 0.000000 0.000000 0.000006 0.000000 0.028782 0.000000 0.000000 0.000000 0.000000 0.000000 0.000000 0.000014 0.000000 0.000000 0.089332 0.228245 0.000000 0.005839 0.000000 0.000000 0.000000 0.000000 0.000011 0.000000 0.000000 0.000000 0.000033 0.000000 0.000000 0.000000 0.001336 0.047407 0.047079 0.000001 0.000000 0.000000 0.041524 0.000516 0.000000
 0.000000 0.000005 0.000000 0.000000 0.000033 0.000000 0.000461 0.000000 0.000000 0.000000 0.003950 0.000000 0.000000 0.000000 0.000000 0.000024 0.000000 0.000000 0.000000 0.000000 0.000000 0.000040 0.000060 0.000048 0.000748 0.000000 0.000000 0.000000 0.043617 0.000040 0.000026 0.000000 0.000000 0.002177 0.003681 0.000020 0.000000 0.000000 0.468908 0.008420 0.000015 0.000119 0.000116 0.000618 0.000157 0.000000 0.000000 0.000006 0.000000 0.000000 0.000000 0.001718 0.000000 0.000000 0.429186 0.000000 0.000009 0.000000 0.000000 0.000000 0.000090 0.000000 0.000000 0.000000 0.000000 0.000009 0.000000 0.000000 0.000000 0.000000 0.000000 0.000000 0.000000 0.000000 0.000000 0.000000 0.000000 0.000000 0.000000 0.000002 0.000011 0.000000 0.000000 0.000004 0.000000 0.000000 0.000000 0.000002 0.000002 0.000000 0.000000 0.000000 0.000000 0.000000 0.000000 0.000002 0.000000 0.000000 0.000000 0.035673
 0.000502 0.000000 0.000110 0.000018 0.000000 0.000000 0.000000 0.000203 0.000005 0.000000 0.000000 0.000012 0.084620 0.000465 0.155625 0.000000 0.000000 0.000189 0.000000 0.000000 0.030623 0.000000 0.000000 0.000000 0.000000 0.000000 0.000000 0.000000 0.000000 0.000000 0.000000 0.000004 0.000000 0.000000 0.000000 0.000000 0.000000 0.000000 0.000000 0.000000 0.000000 0.000000 0.000000 0.000000 0.000000 0.000000 0.000000 0.000000 0.007438 0.000000 0.000001 0.000000 0.000000 0.000000 0.000000 0.000000 0.000000 0.000000 0.000000 0.000148 0.000000 0.000370 0.260023 0.000000 0.000000 0.000000 0.179071 0.000045 0.010771 0.000000 0.000050 0.000000 0.000000 0.000000 0.000196 0.000000 0.000000 0.000001 0.000000 0.000000 0.000000 0.000098 0.000001 0.000000 0.000092 0.259877 0.009328 0.000000 0.000000 0.000113 0.000000 0.000000 0.000000 0.000000 0.000000 0.000000 0.000000 0.000000 0.000000 0.000000
 0.000000 0.000001 0.000128 0.000000 0.000000 0.002262 0.000000 0.000000 0.000000 0.000006 0.000000 0.000000 0.000000 0.000000 0.000000 0.235700 0.000000 0.000000 0.000000 0.000000 0.000000 0.000000 0.000025 0.000000 0.000000 0.000000 0.000004 0.000081 0.000000 0.000000 0.003644 0.000000 0.000001 0.000000 0.000031 0.000023 0.000025 0.000000 0.000000 0.000000 0.000000 0.000000 0.000000 0.000011 0.011949 0.000000 0.000571 0.000000 0.000000 0.000000 0.000000 0.000041 0.002663 0.000000 0.000000 0.000000 0.000041 0.000660 0.149535 0.000000 0.000000 0.000000 0.000000 0.000010 0.000000 0.209116 0.000000 0.000000 0.000000 0.000000 0.000000 0.000000 0.000000 0.000000 0.000000 0.005071 0.002311 0.000000 0.000207 0.000000 0.000000 0.000000 0.000000 0.000126 0.000000 0.000000 0.000000 0.000354 0.000030 0.000000 0.000000 0.000005 0.000049 0.327634 0.047576 0.000000 0.000000 0.000021 0.000088 0.000001
 0.000000 0.000000 0.129240 0.000000 0.000000 0.104695 0.000000 0.000000 0.000000 0.005716 0.000000 0.000000 0.000000 0.000000 0.000000 0.001826 0.000000 0.000000 0.000000 0.000000 0.000000 0.000000 0.000000 0.000000 0.000000 0.000000 0.001662 0.000054 0.000000 0.000000 0.000000 0.000000 0.000324 0.000000 0.000000 0.008181 0.000000 0.000000 0.000000 0.000000 0.000000 0.000000 0.000000 0.000000 0.000000 0.000000 0.223287 0.000000 0.000000 0.000000 0.000000 0.000000 0.247092 0.000000 0.000000 0.000000 0.003884 0.000000 0.000326 0.000000 0.000000 0.000000 0.000000 0.052861 0.000000 0.000060 0.000000 0.000000 0.000000 0.000000 0.000000 0.000000 0.000000 0.000000 0.000000 0.000000 0.000618 0.000000 0.200995 0.000000 0.000000 0.000000 0.000000 0.000000 0.000000 0.000000 0.000000 0.000000 0.000000 0.000000 0.000000 0.000482 0.000000 0.017400 0.001130 0.000000 0.000000 0.000168 0.000001 0.000000
 0.000000 0.000211 0.000000 0.000000 0.000000 0.000000 0.000002 0.000000 0.000000 0.000000 0.013613 0.000000 0.000000 0.000000 0.000000 0.000487 0.000000 0.000000 0.000000 0.000000 0.000000 0.000000 0.004330 0.000000 0.000000 0.000000 0.000000 0.000000 0.268288 0.000000 0.000838 0.000000 0.000000 0.000008 0.023460 0.000210 0.000000 0.000000 0.061964 0.001386 0.000000 0.000000 0.000000 0.316248 0.030573 0.000000 0.000000 0.000000 0.000000 0.000000 0.000000 0.241420 0.000000 0.000000 0.001711 0.000000 0.000040 0.000001 0.000000 0.000000 0.000011 0.000000 0.000000 0.000000 0.000000 0.000231 0.000000 0.000000 0.000000 0.000000 0.000000 0.000000 0.000000 0.000000 0.000000 0.000000 0.000000 0.000000 0.000000 0.000000 0.000000 0.000000 0.000000 0.000062 0.000000 0.000000 0.000000 0.000028 0.000059 0.000000 0.000000 0.000000 0.000000 0.000002 0.000000 0.034814 0.000000 0.000001 0.000000 0.000003
