the mean of prob-rank is 20.0
the number of false negative edges is 100
the number of probability greater than 0 is 29.03/edge
TYPE: Probability
DIMENSION: 100
 0.000008 0.000000 0.000000 0.000000 0.000000 0.000000 0.000000 0.094171 0.000000 0.000000 0.000000 0.000001 0.002447 0.000099 0.067453 0.000000 0.000000 0.154805 0.000000 0.000000 0.000029 0.000000 0.000000 0.000000 0.000000 0.000000 0.000000 0.000000 0.000000 0.000000 0.000000 0.000000 0.000000 0.000000 0.000000 0.000000 0.000000 0.000000 0.000000 0.000000 0.000000 0.000000 0.000000 0.000000 0.000000 0.000000 0.000000 0.000000 0.000026 0.000000 0.000003 0.000000 0.000000 0.000000 0.000000 0.000000 0.000000 0.000000 0.000000 0.377002 0.000000 0.149114 0.001532 0.000000 0.000000 0.000000 0.000706 0.002866 0.055776 0.000000 0.089127 0.000000 0.000000 0.000000 0.000001 0.000000 0.000000 0.000000 0.000000 0.000000 0.000000 0.000001 0.000002 0.000000 0.000014 0.001093 0.002458 0.000000 0.000000 0.000374 0.000000 0.000000 0.000000 0.000000 0.000000 0.000000 0.000891 0.000000 0.000000 0.000000
 0.000000 0.000001 0.000000 0.000000 0.000000 0.000000 0.000000 0.000000 0.000000 0.000000 0.000000 0.000000 0.000000 0.000000 0.000000 0.000089 0.000000 0.000000 0.000000 0.000000 0.000000 0.000000 0.371310 0.000000 0.000000 0.000000 0.000000 0.000000 0.000002 0.000000 0.000524 0.000000 0.000000 0.000000 0.024227 0.000000 0.000000 0.000000 0.000000 0.000000 0.000000 0.000000 0.000000 0.000199 0.000161 0.000000 0.000000 0.000000 0.000000 0.000000 0.000000 0.000003 0.000000 0.000000 0.000000 0.000000 0.000000 0.000037 0.000005 0.000000 0.000000 0.000000 0.000000 0.000000 0.000000 0.000016 0.000000 0.000000 0.000000 0.000000 0.000000 0.000000 0.000000 0.000000 0.000000 0.000001 0.000000 0.000000 0.000000 0.000000 0.000000 0.000000 0.000000 0.000323 0.000000 0.000000 0.000000 0.000172 0.602911 0.000000 0.000000 0.000000 0.000000 0.000017 0.000000 0.000000 0.000000 0.000002 0.000000 0.000001
 0.000000 0.000000 0.000290 0.044087 0.000000 0.007880 0.000000 0.000000 0.000219 0.096252 0.000000 0.001885 0.104649 0.000282 0.000000 0.000781 0.000000 0.000000 0.000000 0.000126 0.002349 0.000000 0.000000 0.000000 0.000000 0.000039 0.001091 0.000000 0.000000 0.000000 0.000000 0.027548 0.348821 0.000000 0.000000 0.000099 0.000000 0.000000 0.000000 0.000000 0.000000 0.000000 0.000000 0.000000 0.000000 0.000000 0.014813 0.000000 0.018633 0.000000 0.000000 0.000000 0.004575 0.000000 0.000000 0.000000 0.000135 0.000000 0.000068 0.000000 0.000000 0.000000 0.000000 0.189702 0.000000 0.000000 0.000127 0.000000 0.000000 0.000000 0.000000 0.000000 0.000000 0.000054 0.004643 0.000000 0.000043 0.021323 0.044549 0.000000 0.000000 0.001456 0.000000 0.000000 0.000186 0.000323 0.000000 0.000000 0.000000 0.000000 0.000000 0.006056 0.000000 0.000668 0.000117 0.000000 0.000000 0.000215 0.055917 0.000000
 0.000000 0.000000 0.130692 0.000004 0.000000 0.000000 0.000000 0.000000 0.029867 0.000000 0.000000 0.062428 0.022091 0.001461 0.000000 0.000000 0.000000 0.000000 0.000000 0.000233 0.009634 0.000000 0.000000 0.000000 0.000000 0.000568 0.000000 0.000000 0.000000 0.000000 0.000000 0.400691 0.004307 0.000000 0.000000 0.000000 0.000000 0.000000 0.000000 0.000000 0.000000 0.000000 0.000000 0.000000 0.000000 0.000000 0.000000 0.000000 0.049707 0.000000 0.000000 0.000000 0.000000 0.000000 0.000000 0.000000 0.000000 0.000000 0.000000 0.000000 0.000000 0.000000 0.000000 0.000000 0.000000 0.000000 0.000133 0.000000 0.000000 0.000000 0.000000 0.000000 0.000000 0.000151 0.122314 0.000000 0.000000 0.058462 0.000000 0.000000 0.000000 0.085888 0.000000 0.000000 0.019499 0.001870 0.000000 0.000000 0.000000 0.000000 0.000000 0.000000 0.000000 0.000000 0.000000 0.000000 0.000000 0.000000 0.000000 0.000000
 0.000000 0.000000 0.000000 0.000000 0.000012 0.000000 0.001304 0.000018 0.000000 0.000000 0.116439 0.000000 0.000005 0.000000 0.000000 0.000010 0.000000 0.000000 0.000000 0.000000 0.000000 0.124349 0.000000 0.000228 0.000100 0.000000 0.000000 0.000000 0.000001 0.013439 0.000012 0.000000 0.000000 0.056735 0.000013 0.031864 0.000000 0.000000 0.000789 0.000253 0.049355 0.000219 0.000089 0.000008 0.000018 0.000000 0.000017 0.000880 0.000000 0.000000 0.000184 0.001512 0.000000 0.000000 0.000046 0.000000 0.000071 0.000000 0.000000 0.000005 0.326198 0.000000 0.000000 0.023317 0.001786 0.000000 0.000001 0.000035 0.000325 0.000000 0.000035 0.000000 0.000000 0.000000 0.000000 0.000000 0.000000 0.000000 0.000000 0.003782 0.218096 0.000000 0.000056 0.000000 0.000000 0.000000 0.000000 0.000000 0.000000 0.001930 0.026340 0.000000 0.000000 0.000001 0.000000 0.000072 0.000000 0.000000 0.000000 0.000052
 0.000000 0.000000 0.006376 0.000000 0.000000 0.000023 0.000000 0.000000 0.000000 0.019482 0.000000 0.000000 0.000000 0.000000 0.000000 0.005417 0.000000 0.000000 0.000029 0.000000 0.000000 0.000000 0.000000 0.000000 0.000000 0.000000 0.025566 0.000107 0.000000 0.000000 0.000000 0.000000 0.000807 0.000000 0.000000 0.000031 0.000029 0.000000 0.000000 0.000000 0.000000 0.000000 0.000000 0.000000 0.000000 0.000022 0.019629 0.000000 0.000000 0.000017 0.000000 0.000000 0.139451 0.000007 0.000000 0.000421 0.000608 0.000518 0.020573 0.000000 0.000000 0.000000 0.000000 0.001340 0.000000 0.000008 0.000000 0.000000 0.000000 0.000000 0.000000 0.000000 0.000012 0.000000 0.000000 0.000471 0.052162 0.000000 0.342179 0.000000 0.000000 0.000000 0.000000 0.000000 0.000000 0.000000 0.000000 0.000000 0.000000 0.000000 0.000000 0.006070 0.000024 0.237546 0.075980 0.000000 0.000000 0.002504 0.042591 0.000000
 0.000000 0.000000 0.000000 0.000000 0.002609 0.000000 0.000002 0.000000 0.000000 0.000000 0.002263 0.000000 0.000000 0.000000 0.000000 0.000000 0.000000 0.000000 0.000000 0.000000 0.000000 0.021095 0.000000 0.069293 0.007006 0.000000 0.000000 0.000000 0.000000 0.015952 0.000000 0.000000 0.000000 0.265604 0.000000 0.000000 0.000000 0.000000 0.105550 0.145820 0.083434 0.226244 0.038713 0.000000 0.000000 0.000000 0.000000 0.000068 0.000000 0.000000 0.000000 0.000000 0.000000 0.000000 0.007048 0.000000 0.000000 0.000000 0.000000 0.000000 0.007348 0.000000 0.000000 0.000000 0.000000 0.000000 0.000000 0.000000 0.000000 0.000000 0.000000 0.000000 0.000000 0.000000 0.000000 0.000000 0.000000 0.000000 0.000000 0.000031 0.001277 0.000000 0.000000 0.000000 0.000000 0.000000 0.000000 0.000000 0.000000 0.000000 0.000000 0.000000 0.000000 0.000000 0.000000 0.000644 0.000000 0.000000 0.000000 0.000000
 0.049131 0.000000 0.000000 0.000000 0.000020 0.000000 0.000000 0.000005 0.000000 0.000000 0.000000 0.000000 0.001650 0.000011 0.011452 0.000000 0.000000 0.001456 0.000000 0.000000 0.000024 0.000004 0.000000 0.000000 0.000000 0.000000 0.000000 0.000000 0.000000 0.000006 0.000000 0.000000 0.000000 0.000000 0.000000 0.000017 0.000000 0.000000 0.000000 0.000000 0.000004 0.000000 0.000000 0.000000 0.000000 0.000000 0.000000 0.000010 0.000002 0.000000 0.000770 0.000000 0.000000 0.000000 0.000000 0.000000 0.000000 0.000000 0.000000 0.276535 0.000010 0.000546 0.000362 0.000278 0.000067 0.000000 0.026316 0.128101 0.316806 0.000000 0.136158 0.000000 0.000000 0.000000 0.000000 0.000000 0.000000 0.000000 0.000000 0.000011 0.000111 0.000000 0.000275 0.000000 0.000001 0.000070 0.000249 0.000000 0.000000 0.048316 0.001058 0.000000 0.000000 0.000000 0.000000 0.000000 0.000169 0.000000 0.000000 0.000000
 0.000000 0.000000 0.000209 0.009601 0.000000 0.000000 0.000000 0.000000 0.000031 0.000375 0.000000 0.025550 0.000078 0.000462 0.000000 0.000000 0.154068 0.000000 0.000047 0.020072 0.000105 0.000000 0.000000 0.000000 0.000000 0.348705 0.002581 0.000105 0.000000 0.000000 0.000000 0.112390 0.013432 0.000000 0.000000 0.000000 0.000133 0.000454 0.000000 0.000000 0.000000 0.000000 0.000000 0.000000 0.000000 0.000096 0.000000 0.000000 0.000126 0.000086 0.000000 0.000000 0.000000 0.000027 0.000000 0.000151 0.000000 0.000000 0.000000 0.000000 0.000000 0.000000 0.000000 0.000000 0.000000 0.000000 0.000002 0.000000 0.000000 0.002753 0.000000 0.018321 0.000307 0.142147 0.000131 0.000000 0.000000 0.142272 0.000000 0.000000 0.000000 0.000343 0.000000 0.000000 0.000407 0.000009 0.000000 0.000000 0.000000 0.000000 0.000000 0.004425 0.000000 0.000000 0.000000 0.000000 0.000000 0.000000 0.000000 0.000000
 0.000000 0.000000 0.091117 0.000000 0.000000 0.022794 0.000000 0.000000 0.000372 0.000144 0.000000 0.000000 0.000000 0.000000 0.000000 0.000095 0.000291 0.000000 0.000024 0.002477 0.000000 0.000000 0.000000 0.000000 0.000000 0.000045 0.255218 0.000024 0.000000 0.000000 0.000000 0.000000 0.275181 0.000000 0.000000 0.000011 0.000014 0.000032 0.000000 0.000000 0.000000 0.000000 0.000000 0.000000 0.000000 0.000138 0.000688 0.000000 0.000000 0.000196 0.000000 0.000000 0.003061 0.000084 0.000000 0.003000 0.000030 0.000000 0.000043 0.000000 0.000000 0.000000 0.000000 0.000314 0.000000 0.000000 0.000000 0.000000 0.000000 0.000034 0.000000 0.000015 0.000164 0.000500 0.000000 0.000025 0.000660 0.001476 0.130219 0.000000 0.000000 0.000000 0.000000 0.000000 0.000000 0.000000 0.000000 0.000000 0.000000 0.000000 0.000000 0.206261 0.000047 0.000328 0.000116 0.000000 0.000000 0.000008 0.004753 0.000000
 0.000000 0.000000 0.000000 0.000000 0.214807 0.000000 0.002086 0.000000 0.000000 0.000000 0.000273 0.000000 0.000000 0.000000 0.000000 0.000122 0.000000 0.000000 0.000000 0.000000 0.000000 0.002438 0.000000 0.000069 0.000102 0.000000 0.000000 0.000000 0.000035 0.001874 0.000095 0.000000 0.000000 0.094566 0.000291 0.080636 0.000000 0.000000 0.167588 0.001193 0.000698 0.000129 0.000048 0.000240 0.000893 0.000000 0.000168 0.000116 0.000000 0.000000 0.000000 0.054573 0.000000 0.000000 0.000405 0.000000 0.002146 0.000000 0.000000 0.000000 0.316691 0.000000 0.000000 0.000000 0.000000 0.000000 0.000000 0.000000 0.000000 0.000000 0.000000 0.000000 0.000000 0.000000 0.000000 0.000000 0.000000 0.000000 0.000000 0.000546 0.047057 0.000000 0.000000 0.000000 0.000000 0.000000 0.000000 0.000000 0.000000 0.000000 0.000000 0.000000 0.000000 0.000002 0.000000 0.006857 0.000000 0.000001 0.000000 0.003255
 0.000001 0.000000 0.003013 0.033671 0.000000 0.000000 0.000000 0.000001 0.042868 0.000000 0.000000 0.000008 0.001291 0.329815 0.000013 0.000000 0.000000 0.000000 0.000000 0.000034 0.006418 0.000000 0.000000 0.000000 0.000000 0.000398 0.000000 0.000000 0.000000 0.000000 0.000000 0.153805 0.000058 0.000000 0.000000 0.000000 0.000000 0.000000 0.000000 0.000000 0.000000 0.000000 0.000000 0.000000 0.000000 0.000000 0.000000 0.000000 0.003895 0.000000 0.000000 0.000000 0.000000 0.000000 0.000000 0.000000 0.000000 0.000000 0.000000 0.000000 0.000000 0.000021 0.000003 0.000000 0.000000 0.000000 0.000122 0.000000 0.000016 0.000000 0.000000 0.000000 0.000000 0.000041 0.013143 0.000000 0.000000 0.002608 0.000000 0.000000 0.000000 0.095369 0.000000 0.000000 0.310502 0.000617 0.002265 0.000000 0.000000 0.000000 0.000000 0.000000 0.000000 0.000000 0.000000 0.000000 0.000004 0.000000 0.000000 0.000000
 0.001149 0.000000 0.069038 0.004916 0.000005 0.000000 0.000000 0.001485 0.000054 0.000000 0.000000 0.000533 0.000148 0.000266 0.023570 0.000000 0.000000 0.000579 0.000000 0.000001 0.056906 0.000003 0.000000 0.000000 0.000000 0.000002 0.000000 0.000000 0.000000 0.000001 0.000000 0.000757 0.000055 0.000000 0.000000 0.000720 0.000000 0.000000 0.000000 0.000000 0.000000 0.000000 0.000000 0.000000 0.000000 0.000000 0.000000 0.000003 0.220037 0.000000 0.000111 0.000000 0.000000 0.000000 0.000000 0.000000 0.000000 0.000000 0.000000 0.000657 0.000003 0.000326 0.025974 0.038790 0.000011 0.000000 0.332562 0.000263 0.053451 0.000000 0.000173 0.000000 0.000000 0.000001 0.006736 0.000000 0.000000 0.000092 0.000000 0.000002 0.000132 0.000805 0.000016 0.000000 0.000283 0.066457 0.000589 0.000000 0.000000 0.008856 0.019399 0.000000 0.000000 0.000000 0.000000 0.000000 0.064085 0.000000 0.000000 0.000000
 0.000084 0.000000 0.000337 0.000589 0.000000 0.000000 0.000000 0.000018 0.000579 0.000000 0.000000 0.246438 0.000482 0.000014 0.002002 0.000000 0.000000 0.000058 0.000000 0.000011 0.015030 0.000000 0.000000 0.000000 0.000000 0.000017 0.000000 0.000000 0.000000 0.000000 0.000000 0.002053 0.000057 0.000000 0.000000 0.000000 0.000000 0.000000 0.000000 0.000000 0.000000 0.000000 0.000000 0.000000 0.000000 0.000000 0.000000 0.000000 0.001742 0.000000 0.000000 0.000000 0.000000 0.000000 0.000000 0.000000 0.000000 0.000000 0.000000 0.000026 0.000000 0.000984 0.000845 0.000000 0.000000 0.000000 0.000351 0.000030 0.000205 0.000000 0.000015 0.000000 0.000000 0.000007 0.002694 0.000000 0.000000 0.000508 0.000000 0.000000 0.000000 0.051985 0.000000 0.000000 0.346046 0.085699 0.240212 0.000000 0.000000 0.000000 0.000000 0.000000 0.000000 0.000000 0.000000 0.000000 0.000881 0.000000 0.000000 0.000000
 0.040225 0.000000 0.000000 0.000000 0.000000 0.000000 0.000000 0.013090 0.000000 0.000000 0.000000 0.000007 0.029938 0.001404 0.000003 0.000000 0.000000 0.002337 0.000000 0.000000 0.012864 0.000000 0.000000 0.000000 0.000000 0.000000 0.000000 0.000000 0.000000 0.000000 0.000000 0.000000 0.000000 0.000000 0.000000 0.000000 0.000000 0.000000 0.000000 0.000000 0.000000 0.000000 0.000000 0.000000 0.000000 0.000000 0.000000 0.000000 0.001015 0.000000 0.000015 0.000000 0.000000 0.000000 0.000000 0.000000 0.000000 0.000000 0.000000 0.014271 0.000000 0.042805 0.206741 0.000000 0.000000 0.000000 0.076264 0.000908 0.183885 0.000000 0.000226 0.000000 0.000000 0.000000 0.000004 0.000000 0.000000 0.000000 0.000000 0.000000 0.000000 0.000004 0.000008 0.000000 0.000169 0.145162 0.085049 0.000000 0.000000 0.001527 0.000000 0.000000 0.000000 0.000000 0.000000 0.000000 0.142079 0.000000 0.000000 0.000000
 0.000000 0.000022 0.000518 0.000000 0.000010 0.004443 0.000000 0.000000 0.000000 0.000066 0.000068 0.000000 0.000000 0.000000 0.000000 0.000029 0.000000 0.000000 0.000000 0.000000 0.000000 0.000000 0.000245 0.000000 0.000000 0.000000 0.000049 0.000000 0.000003 0.000000 0.087186 0.000000 0.000039 0.000010 0.000374 0.001315 0.000000 0.000000 0.000019 0.000000 0.000000 0.000000 0.000000 0.000859 0.174316 0.000000 0.067845 0.000000 0.000000 0.000000 0.000000 0.059548 0.004379 0.000000 0.000000 0.000000 0.129321 0.000019 0.001468 0.000000 0.000002 0.000000 0.000000 0.000795 0.000000 0.012260 0.000000 0.000000 0.000000 0.000000 0.000000 0.000000 0.000000 0.000000 0.000000 0.000023 0.000445 0.000000 0.001125 0.000000 0.000000 0.000000 0.000000 0.000839 0.000000 0.000000 0.000000 0.000525 0.000550 0.000000 0.000000 0.000146 0.000000 0.244519 0.000495 0.000010 0.000000 0.204324 0.001465 0.000326
 0.000000 0.000000 0.000000 0.000000 0.000000 0.000000 0.000000 0.000000 0.291830 0.000556 0.000000 0.000000 0.000000 0.000000 0.000000 0.000000 0.000025 0.000000 0.000097 0.036889 0.000000 0.000000 0.000000 0.000000 0.000000 0.094604 0.006976 0.000306 0.000000 0.000000 0.000000 0.000000 0.004362 0.000000 0.000000 0.000000 0.000098 0.014342 0.000000 0.000000 0.000000 0.000000 0.000000 0.000000 0.000000 0.001869 0.000000 0.000000 0.000000 0.002714 0.000000 0.000000 0.000000 0.000935 0.000000 0.000953 0.000000 0.000000 0.000000 0.000000 0.000000 0.000000 0.000000 0.000000 0.000000 0.000000 0.000000 0.000000 0.000000 0.029335 0.000000 0.346392 0.046731 0.103857 0.000000 0.000000 0.000000 0.004776 0.000000 0.000000 0.000000 0.000000 0.000000 0.000000 0.000000 0.000000 0.000000 0.000000 0.000000 0.000000 0.000000 0.012352 0.000000 0.000000 0.000000 0.000000 0.000000 0.000000 0.000000 0.000000
 0.288776 0.000000 0.000000 0.000000 0.000000 0.000000 0.000000 0.005207 0.000000 0.000000 0.000000 0.000000 0.002299 0.000127 0.007311 0.000000 0.000000 0.000134 0.000000 0.000000 0.000044 0.000000 0.000000 0.000000 0.000000 0.000000 0.000000 0.000000 0.000000 0.000000 0.000000 0.000000 0.000000 0.000000 0.000000 0.000000 0.000000 0.000000 0.000000 0.000000 0.000000 0.000000 0.000000 0.000000 0.000000 0.000000 0.000000 0.000000 0.000049 0.000000 0.000002 0.000000 0.000000 0.000000 0.000000 0.000000 0.000000 0.000000 0.000000 0.020918 0.000000 0.464659 0.000361 0.000000 0.000000 0.000000 0.000468 0.000695 0.004082 0.000000 0.143238 0.000000 0.000000 0.000000 0.000000 0.000000 0.000000 0.000000 0.000000 0.000000 0.000000 0.000000 0.000003 0.000000 0.000010 0.000445 0.060678 0.000000 0.000000 0.000173 0.000000 0.000000 0.000000 0.000000 0.000000 0.000000 0.000323 0.000000 0.000000 0.000000
 0.000000 0.000000 0.000000 0.000000 0.000000 0.000030 0.000000 0.000000 0.000041 0.000021 0.000000 0.000000 0.000000 0.000000 0.000000 0.000000 0.000045 0.000000 0.000073 0.000022 0.000000 0.000000 0.000000 0.000000 0.000000 0.000006 0.000400 0.037681 0.000000 0.000000 0.000000 0.000000 0.000003 0.000000 0.000000 0.000000 0.269978 0.000831 0.000000 0.000000 0.000000 0.000000 0.000000 0.000000 0.000000 0.120865 0.000000 0.000000 0.000000 0.057421 0.000000 0.000000 0.000000 0.216105 0.000000 0.140594 0.000000 0.000403 0.000605 0.000000 0.000000 0.000000 0.000000 0.000000 0.000000 0.000001 0.000000 0.000000 0.000000 0.000280 0.000000 0.000013 0.150344 0.000027 0.000000 0.000096 0.000445 0.000006 0.000121 0.000000 0.000000 0.000000 0.000000 0.000000 0.000000 0.000000 0.000000 0.000000 0.000000 0.000000 0.000000 0.000238 0.002011 0.000041 0.001248 0.000000 0.000000 0.000004 0.000000 0.000000
 0.000000 0.000000 0.000124 0.000077 0.000000 0.000000 0.000000 0.000000 0.020749 0.002578 0.000000 0.000021 0.000001 0.000009 0.000000 0.000000 0.020132 0.000000 0.000025 0.000000 0.000003 0.000000 0.000000 0.000000 0.000000 0.092695 0.027915 0.000150 0.000000 0.000000 0.000000 0.000258 0.156578 0.000000 0.000000 0.000000 0.000046 0.000276 0.000000 0.000000 0.000000 0.000000 0.000000 0.000000 0.000000 0.000683 0.000000 0.000000 0.000005 0.000596 0.000000 0.000000 0.000000 0.000281 0.000000 0.000539 0.000000 0.000000 0.000000 0.000000 0.000000 0.000000 0.000000 0.000000 0.000000 0.000000 0.000000 0.000000 0.000000 0.000268 0.000000 0.000304 0.001554 0.334569 0.000005 0.000000 0.000000 0.310524 0.000000 0.000000 0.000000 0.000007 0.000000 0.000000 0.000006 0.000002 0.000000 0.000000 0.000000 0.000000 0.000000 0.029016 0.000000 0.000000 0.000000 0.000000 0.000000 0.000000 0.000000 0.000000
 0.000016 0.000000 0.001868 0.002585 0.000000 0.000000 0.000000 0.000026 0.000088 0.000000 0.000000 0.003192 0.068599 0.010005 0.012209 0.000000 0.000000 0.000013 0.000000 0.000003 0.000006 0.000000 0.000000 0.000000 0.000000 0.000005 0.000000 0.000000 0.000000 0.000000 0.000000 0.000546 0.000013 0.000000 0.000000 0.000000 0.000000 0.000000 0.000000 0.000000 0.000000 0.000000 0.000000 0.000000 0.000000 0.000000 0.000000 0.000000 0.239918 0.000000 0.000001 0.000000 0.000000 0.000000 0.000000 0.000000 0.000000 0.000000 0.000000 0.000012 0.000000 0.000072 0.020181 0.000000 0.000000 0.000000 0.016884 0.000011 0.000055 0.000000 0.000036 0.000000 0.000000 0.000003 0.159987 0.000000 0.000000 0.000163 0.000000 0.000000 0.000000 0.121591 0.000000 0.000000 0.122889 0.146628 0.046849 0.000000 0.000000 0.000017 0.000000 0.000000 0.000000 0.000000 0.000000 0.000000 0.025528 0.000000 0.000000 0.000000
 0.000000 0.000000 0.000000 0.000000 0.137966 0.000000 0.011696 0.000004 0.000000 0.000000 0.001466 0.000000 0.000003 0.000000 0.000000 0.000000 0.000000 0.000000 0.000000 0.000000 0.000000 0.000009 0.000000 0.003489 0.000107 0.000000 0.000000 0.000000 0.000000 0.253678 0.000000 0.000000 0.000000 0.076684 0.000000 0.000103 0.000000 0.000000 0.001334 0.000448 0.262293 0.004785 0.000159 0.000000 0.000000 0.000000 0.000000 0.003744 0.000000 0.000000 0.000044 0.000000 0.000000 0.000000 0.000062 0.000000 0.000000 0.000000 0.000000 0.000001 0.094909 0.000000 0.000000 0.000328 0.000932 0.000000 0.000002 0.000002 0.000054 0.000000 0.000001 0.000000 0.000000 0.000000 0.000000 0.000000 0.000000 0.000000 0.000000 0.004684 0.138887 0.000000 0.000010 0.000000 0.000000 0.000000 0.000000 0.000000 0.000000 0.000351 0.001740 0.000000 0.000000 0.000000 0.000000 0.000021 0.000000 0.000000 0.000000 0.000000
 0.000000 0.412885 0.000000 0.000000 0.000000 0.000000 0.000000 0.000000 0.000000 0.000000 0.000000 0.000000 0.000000 0.000000 0.000000 0.001126 0.000000 0.000000 0.000000 0.000000 0.000000 0.000000 0.000001 0.000000 0.000000 0.000000 0.000000 0.000000 0.000041 0.000000 0.014149 0.000000 0.000000 0.000000 0.452624 0.000000 0.000000 0.000000 0.000000 0.000000 0.000000 0.000000 0.000000 0.012604 0.004110 0.000000 0.000000 0.000000 0.000000 0.000000 0.000000 0.000033 0.000000 0.000000 0.000000 0.000000 0.000000 0.000106 0.000026 0.000000 0.000000 0.000000 0.000000 0.000000 0.000000 0.000339 0.000000 0.000000 0.000000 0.000000 0.000000 0.000000 0.000000 0.000000 0.000000 0.000017 0.000000 0.000000 0.000000 0.000000 0.000000 0.000000 0.000000 0.010995 0.000000 0.000000 0.000000 0.005395 0.085081 0.000000 0.000000 0.000000 0.000000 0.000396 0.000000 0.000000 0.000000 0.000058 0.000000 0.000014
 0.000000 0.000000 0.000000 0.000000 0.000605 0.000000 0.091875 0.000000 0.000000 0.000000 0.000099 0.000000 0.000000 0.000000 0.000000 0.000000 0.000000 0.000000 0.000000 0.000000 0.000000 0.008343 0.000000 0.000002 0.268031 0.000000 0.000000 0.000000 0.000000 0.032944 0.000000 0.000000 0.000000 0.014062 0.000000 0.000000 0.000000 0.000000 0.000812 0.041623 0.061966 0.301724 0.176580 0.000000 0.000000 0.000000 0.000000 0.000224 0.000000 0.000000 0.000000 0.000000 0.000000 0.000000 0.000458 0.000000 0.000000 0.000000 0.000000 0.000000 0.000387 0.000000 0.000000 0.000000 0.000000 0.000000 0.000000 0.000000 0.000000 0.000000 0.000000 0.000000 0.000000 0.000000 0.000000 0.000000 0.000000 0.000000 0.000000 0.000023 0.000167 0.000000 0.000000 0.000000 0.000000 0.000000 0.000000 0.000000 0.000000 0.000000 0.000000 0.000000 0.000000 0.000000 0.000000 0.000075 0.000000 0.000000 0.000000 0.000000
 0.000000 0.000000 0.000000 0.000000 0.000301 0.000000 0.010485 0.000000 0.000000 0.000000 0.000166 0.000000 0.000000 0.000000 0.000000 0.000000 0.000000 0.000000 0.000000 0.000000 0.000000 0.000289 0.000000 0.302543 0.000002 0.000000 0.000000 0.000000 0.000000 0.003703 0.000000 0.000000 0.000000 0.001090 0.000000 0.000000 0.000000 0.000000 0.001078 0.106070 0.001398 0.084000 0.379287 0.000000 0.000000 0.000000 0.000000 0.000051 0.000000 0.000000 0.000000 0.000000 0.000000 0.000000 0.107943 0.000000 0.000000 0.000000 0.000000 0.000000 0.000177 0.000000 0.000000 0.000000 0.000000 0.000000 0.000000 0.000000 0.000000 0.000000 0.000000 0.000000 0.000000 0.000000 0.000000 0.000000 0.000000 0.000000 0.000000 0.000025 0.000332 0.000000 0.000000 0.000000 0.000000 0.000000 0.000000 0.000000 0.000000 0.000000 0.000000 0.000000 0.000000 0.000000 0.000000 0.001061 0.000000 0.000000 0.000000 0.000000
 0.000000 0.000000 0.000042 0.000206 0.000000 0.000000 0.000000 0.000000 0.393672 0.000052 0.000000 0.000268 0.000004 0.000015 0.000000 0.000000 0.056386 0.000000 0.000007 0.101233 0.000007 0.000000 0.000000 0.000000 0.000000 0.000001 0.000530 0.000044 0.000000 0.000000 0.000000 0.003791 0.002183 0.000000 0.000000 0.000000 0.000030 0.000047 0.000000 0.000000 0.000000 0.000000 0.000000 0.000000 0.000000 0.000043 0.000000 0.000000 0.000007 0.000040 0.000000 0.000000 0.000000 0.000010 0.000000 0.000056 0.000000 0.000000 0.000000 0.000000 0.000000 0.000000 0.000000 0.000000 0.000000 0.000000 0.000000 0.000000 0.000000 0.000370 0.000000 0.001378 0.000179 0.357226 0.000007 0.000000 0.000000 0.081402 0.000000 0.000000 0.000000 0.000013 0.000000 0.000000 0.000012 0.000002 0.000000 0.000000 0.000000 0.000000 0.000000 0.000738 0.000000 0.000000 0.000000 0.000000 0.000000 0.000000 0.000000 0.000000
 0.000000 0.000000 0.000617 0.000000 0.000000 0.017867 0.000000 0.000000 0.001532 0.152442 0.000000 0.000000 0.000000 0.000000 0.000000 0.000042 0.002185 0.000000 0.000271 0.016023 0.000000 0.000000 0.000000 0.000000 0.000000 0.000279 0.000029 0.020888 0.000000 0.000000 0.000000 0.000000 0.045828 0.000000 0.000000 0.000002 0.006954 0.000318 0.000000 0.000000 0.000000 0.000000 0.000000 0.000000 0.000000 0.030609 0.000104 0.000000 0.000000 0.056250 0.000000 0.000000 0.000802 0.000342 0.000000 0.107335 0.000006 0.000235 0.000658 0.000000 0.000000 0.000000 0.000000 0.000017 0.000000 0.000001 0.000000 0.000000 0.000000 0.000224 0.000000 0.000095 0.041484 0.005715 0.000000 0.000079 0.059864 0.025646 0.112794 0.000000 0.000000 0.000000 0.000000 0.000000 0.000000 0.000000 0.000000 0.000000 0.000000 0.000000 0.000000 0.289474 0.000093 0.000126 0.001668 0.000000 0.000000 0.000010 0.001094 0.000000
 0.000000 0.000000 0.000000 0.000000 0.000000 0.000176 0.000000 0.000000 0.000147 0.000034 0.000000 0.000000 0.000000 0.000000 0.000000 0.000000 0.000226 0.000000 0.060139 0.000203 0.000000 0.000000 0.000000 0.000000 0.000000 0.000054 0.049274 0.000003 0.000000 0.000000 0.000000 0.000000 0.000000 0.000000 0.000000 0.000000 0.373985 0.000214 0.000000 0.000000 0.000000 0.000000 0.000000 0.000000 0.000000 0.023781 0.000000 0.000000 0.000000 0.012359 0.000000 0.000000 0.000000 0.000382 0.000000 0.082188 0.000000 0.001451 0.021038 0.000000 0.000000 0.000000 0.000000 0.000000 0.000000 0.000003 0.000000 0.000000 0.000000 0.000076 0.000000 0.000020 0.007265 0.000353 0.000000 0.000327 0.172958 0.000069 0.000361 0.000000 0.000000 0.000000 0.000000 0.000000 0.000000 0.000000 0.000000 0.000000 0.000000 0.000000 0.000000 0.009625 0.121749 0.000129 0.061408 0.000000 0.000000 0.000004 0.000000 0.000000
 0.000000 0.000001 0.000000 0.000000 0.000002 0.000000 0.000000 0.000000 0.000000 0.000000 0.000036 0.000000 0.000000 0.000000 0.000000 0.000006 0.000000 0.000000 0.000000 0.000000 0.000000 0.000000 0.000017 0.000000 0.000000 0.000000 0.000000 0.000000 0.000001 0.000000 0.000016 0.000000 0.000000 0.000009 0.362033 0.000008 0.000000 0.000000 0.001325 0.000000 0.000000 0.000000 0.000000 0.263169 0.000252 0.000000 0.000001 0.000000 0.000000 0.000000 0.000000 0.001366 0.000000 0.000000 0.000000 0.000000 0.000002 0.000001 0.000001 0.000000 0.000001 0.000000 0.000000 0.000000 0.000000 0.000002 0.000000 0.000000 0.000000 0.000000 0.000000 0.000000 0.000000 0.000000 0.000000 0.000000 0.000000 0.000000 0.000000 0.000000 0.000000 0.000000 0.000000 0.000001 0.000000 0.000000 0.000000 0.000001 0.000005 0.000000 0.000000 0.000000 0.000000 0.000001 0.000000 0.059062 0.000000 0.000001 0.000000 0.312682
 0.000000 0.000000 0.000000 0.000000 0.015166 0.000000 0.008996 0.000006 0.000000 0.000000 0.001146 0.000000 0.000001 0.000000 0.000000 0.000000 0.000000 0.000000 0.000000 0.000000 0.000000 0.258021 0.000000 0.014012 0.001395 0.000000 0.000000 0.000000 0.000000 0.000020 0.000000 0.000000 0.000000 0.037368 0.000000 0.000003 0.000000 0.000000 0.000456 0.001803 0.144112 0.004650 0.000524 0.000000 0.000000 0.000000 0.000000 0.315889 0.000000 0.000000 0.000282 0.000000 0.000000 0.000000 0.000022 0.000000 0.000000 0.000000 0.000000 0.000003 0.001638 0.000000 0.000000 0.000151 0.004372 0.000000 0.000001 0.000026 0.000092 0.000000 0.000004 0.000000 0.000000 0.000000 0.000000 0.000000 0.000000 0.000000 0.000000 0.099564 0.088468 0.000000 0.000114 0.000000 0.000000 0.000000 0.000000 0.000000 0.000000 0.000438 0.001229 0.000000 0.000000 0.000000 0.000000 0.000025 0.000000 0.000000 0.000000 0.000000
 0.000000 0.000171 0.000000 0.000000 0.000016 0.000000 0.000000 0.000000 0.000000 0.000000 0.000071 0.000000 0.000000 0.000000 0.000000 0.117768 0.000000 0.000000 0.000000 0.000000 0.000000 0.000000 0.004166 0.000000 0.000000 0.000000 0.000000 0.000000 0.000012 0.000000 0.000021 0.000000 0.000000 0.000012 0.004347 0.000007 0.000000 0.000000 0.000009 0.000000 0.000000 0.000000 0.000000 0.003312 0.071629 0.000000 0.000009 0.000000 0.000000 0.000000 0.000000 0.005359 0.000000 0.000000 0.000000 0.000000 0.000017 0.047940 0.003970 0.000000 0.000009 0.000000 0.000000 0.000000 0.000000 0.158995 0.000000 0.000000 0.000000 0.000000 0.000000 0.000000 0.000000 0.000000 0.000000 0.015731 0.000000 0.000000 0.000000 0.000000 0.000000 0.000000 0.000000 0.185612 0.000000 0.000000 0.000000 0.177306 0.128920 0.000000 0.000000 0.000000 0.000000 0.004782 0.000000 0.000008 0.000000 0.069217 0.000000 0.000582
 0.000000 0.000000 0.057781 0.283508 0.000000 0.000000 0.000000 0.000000 0.247376 0.000000 0.000000 0.201769 0.002406 0.003604 0.000000 0.000000 0.000000 0.000000 0.000000 0.000549 0.001439 0.000000 0.000000 0.000000 0.000000 0.007391 0.000000 0.000000 0.000000 0.000000 0.000000 0.000090 0.003457 0.000000 0.000000 0.000000 0.000000 0.000000 0.000000 0.000000 0.000000 0.000000 0.000000 0.000000 0.000000 0.000000 0.000000 0.000000 0.003433 0.000000 0.000000 0.000000 0.000000 0.000000 0.000000 0.000000 0.000000 0.000000 0.000000 0.000000 0.000000 0.000000 0.000000 0.000000 0.000000 0.000000 0.000014 0.000000 0.000000 0.000000 0.000000 0.000000 0.000000 0.000463 0.016032 0.000000 0.000000 0.119312 0.000000 0.000000 0.000000 0.024976 0.000000 0.000000 0.026222 0.000178 0.000000 0.000000 0.000000 0.000000 0.000000 0.000000 0.000000 0.000000 0.000000 0.000000 0.000000 0.000000 0.000000 0.000000
 0.000000 0.000000 0.250207 0.001042 0.000000 0.000716 0.000000 0.000000 0.010111 0.208508 0.000000 0.000026 0.000060 0.000034 0.000000 0.000042 0.001734 0.000000 0.000003 0.114013 0.000011 0.000000 0.000000 0.000000 0.000000 0.001456 0.058136 0.000000 0.000000 0.000000 0.000000 0.001182 0.000062 0.000000 0.000000 0.000003 0.000656 0.000084 0.000000 0.000000 0.000000 0.000000 0.000000 0.000000 0.000000 0.000178 0.000100 0.000000 0.000084 0.000288 0.000000 0.000000 0.000095 0.000064 0.000000 0.000508 0.000020 0.000000 0.000003 0.000000 0.000000 0.000000 0.000000 0.000121 0.000000 0.000000 0.000000 0.000000 0.000000 0.000036 0.000000 0.000022 0.000900 0.017801 0.000025 0.000000 0.000026 0.188672 0.001920 0.000000 0.000000 0.000031 0.000000 0.000000 0.000013 0.000007 0.000000 0.000000 0.000000 0.000000 0.000000 0.140664 0.000000 0.000022 0.000007 0.000000 0.000000 0.000002 0.000305 0.000000
 0.000000 0.000000 0.000000 0.000000 0.071926 0.000000 0.168271 0.000000 0.000000 0.000000 0.064985 0.000000 0.000000 0.000000 0.000000 0.000012 0.000000 0.000000 0.000000 0.000000 0.000000 0.087621 0.000000 0.006719 0.000461 0.000000 0.000000 0.000000 0.000006 0.041979 0.000011 0.000000 0.000000 0.000040 0.000032 0.000099 0.000000 0.000000 0.176698 0.030237 0.134498 0.026907 0.001467 0.000022 0.000029 0.000000 0.000004 0.000151 0.000000 0.000000 0.000000 0.005266 0.000000 0.000000 0.014639 0.000000 0.000060 0.000000 0.000000 0.000000 0.134558 0.000000 0.000000 0.000000 0.000000 0.000000 0.000000 0.000000 0.000000 0.000000 0.000000 0.000000 0.000000 0.000000 0.000000 0.000000 0.000000 0.000000 0.000000 0.000045 0.003771 0.000000 0.000000 0.000000 0.000000 0.000000 0.000000 0.000000 0.000000 0.000000 0.000000 0.000000 0.000000 0.000000 0.000000 0.028547 0.000000 0.000000 0.000000 0.000936
 0.000000 0.011759 0.000000 0.000000 0.000026 0.000000 0.000000 0.000000 0.000000 0.000000 0.000321 0.000000 0.000000 0.000000 0.000000 0.000748 0.000000 0.000000 0.000000 0.000000 0.000000 0.000000 0.197574 0.000000 0.000000 0.000000 0.000000 0.000000 0.388834 0.000000 0.006444 0.000000 0.000000 0.000052 0.000131 0.000068 0.000000 0.000000 0.001057 0.000000 0.000000 0.000000 0.000000 0.302724 0.016819 0.000000 0.000003 0.000000 0.000000 0.000000 0.000000 0.005512 0.000000 0.000000 0.000000 0.000000 0.000008 0.000042 0.000022 0.000000 0.000007 0.000000 0.000000 0.000000 0.000000 0.000422 0.000000 0.000000 0.000000 0.000000 0.000000 0.000000 0.000000 0.000000 0.000000 0.000010 0.000000 0.000000 0.000000 0.000000 0.000000 0.000000 0.000000 0.000468 0.000000 0.000000 0.000000 0.000938 0.001752 0.000000 0.000000 0.000000 0.000000 0.000058 0.000000 0.019716 0.000000 0.000112 0.000000 0.044370
 0.000000 0.000000 0.000109 0.000000 0.054281 0.000042 0.000000 0.000026 0.000000 0.000013 0.074461 0.000000 0.001211 0.000000 0.000000 0.002201 0.000000 0.000000 0.000000 0.000000 0.000000 0.000159 0.000000 0.000000 0.000000 0.000000 0.000005 0.000000 0.000007 0.000005 0.000009 0.000000 0.000004 0.000133 0.000057 0.000160 0.000000 0.000000 0.000042 0.000000 0.000000 0.000000 0.000000 0.000032 0.000444 0.000000 0.078826 0.000008 0.000000 0.000000 0.000021 0.032086 0.000212 0.000000 0.000000 0.000000 0.305715 0.000000 0.000002 0.000000 0.071927 0.000000 0.000000 0.324943 0.000097 0.000000 0.000048 0.000033 0.000042 0.000000 0.000000 0.000000 0.000000 0.000000 0.000000 0.000000 0.000030 0.000000 0.000046 0.000024 0.006086 0.000000 0.000020 0.000000 0.000000 0.000000 0.000000 0.000000 0.000000 0.000198 0.045565 0.000011 0.000000 0.000070 0.000004 0.000027 0.000000 0.000004 0.000402 0.000151
 0.000000 0.000000 0.000000 0.000000 0.000000 0.000043 0.000000 0.000000 0.000172 0.000018 0.000000 0.000000 0.000000 0.000000 0.000000 0.000000 0.000066 0.000000 0.396208 0.000058 0.000000 0.000000 0.000000 0.000000 0.000000 0.000034 0.015083 0.343887 0.000000 0.000000 0.000000 0.000000 0.001122 0.000000 0.000000 0.000000 0.000016 0.000089 0.000000 0.000000 0.000000 0.000000 0.000000 0.000000 0.000000 0.029602 0.000000 0.000000 0.000000 0.012208 0.000000 0.000000 0.000000 0.001539 0.000000 0.146267 0.000000 0.001522 0.002479 0.000000 0.000000 0.000000 0.000000 0.000000 0.000000 0.000004 0.000000 0.000000 0.000000 0.000108 0.000000 0.000012 0.012771 0.000109 0.000000 0.000151 0.006693 0.000023 0.000136 0.000000 0.000000 0.000000 0.000000 0.000000 0.000000 0.000000 0.000000 0.000000 0.000000 0.000000 0.000000 0.006024 0.018143 0.000028 0.005381 0.000000 0.000000 0.000003 0.000000 0.000000
 0.000000 0.000000 0.000000 0.000000 0.000000 0.000000 0.000000 0.000000 0.000987 0.000070 0.000000 0.000000 0.000000 0.000000 0.000000 0.000000 0.016469 0.000000 0.002060 0.000581 0.000000 0.000000 0.000000 0.000000 0.000000 0.000091 0.001166 0.000333 0.000000 0.000000 0.000000 0.000000 0.000241 0.000000 0.000000 0.000000 0.000150 0.000025 0.000000 0.000000 0.000000 0.000000 0.000000 0.000000 0.000000 0.003448 0.000000 0.000000 0.000000 0.005140 0.000000 0.000000 0.000000 0.447632 0.000000 0.000793 0.000000 0.000000 0.000000 0.000000 0.000000 0.000000 0.000000 0.000000 0.000000 0.000000 0.000000 0.000000 0.000000 0.392797 0.000000 0.031288 0.094748 0.000414 0.000000 0.000000 0.000000 0.000482 0.000000 0.000000 0.000000 0.000000 0.000000 0.000000 0.000000 0.000000 0.000000 0.000000 0.000000 0.000000 0.000000 0.001083 0.000000 0.000000 0.000000 0.000000 0.000000 0.000000 0.000000 0.000000
 0.000000 0.000000 0.000000 0.000000 0.001348 0.000000 0.090136 0.000000 0.000000 0.000000 0.155235 0.000000 0.000000 0.000000 0.000000 0.000032 0.000000 0.000000 0.000000 0.000000 0.000000 0.002055 0.000000 0.000523 0.000615 0.000000 0.000000 0.000000 0.001193 0.000690 0.000011 0.000000 0.000000 0.238175 0.000886 0.000042 0.000000 0.000000 0.000012 0.086136 0.000821 0.004696 0.000229 0.000287 0.000253 0.000000 0.000007 0.000016 0.000000 0.000000 0.000000 0.018399 0.000000 0.000000 0.024940 0.000000 0.000025 0.000000 0.000000 0.000000 0.008453 0.000000 0.000000 0.000000 0.000000 0.000000 0.000000 0.000000 0.000000 0.000000 0.000000 0.000000 0.000000 0.000000 0.000000 0.000000 0.000000 0.000000 0.000000 0.000009 0.000112 0.000000 0.000000 0.000000 0.000000 0.000000 0.000000 0.000000 0.000000 0.000000 0.000000 0.000000 0.000000 0.000001 0.000000 0.325775 0.000000 0.000000 0.000000 0.038886
 0.000000 0.000000 0.000000 0.000000 0.000578 0.000000 0.166256 0.000000 0.000000 0.000000 0.001476 0.000000 0.000000 0.000000 0.000000 0.000000 0.000000 0.000000 0.000000 0.000000 0.000000 0.000920 0.000000 0.035792 0.080806 0.000000 0.000000 0.000000 0.000000 0.003646 0.000000 0.000000 0.000000 0.054416 0.000000 0.000000 0.000000 0.000000 0.115002 0.000002 0.001900 0.102881 0.116304 0.000000 0.000000 0.000000 0.000000 0.000017 0.000000 0.000000 0.000000 0.000000 0.000000 0.000000 0.310188 0.000000 0.000000 0.000000 0.000000 0.000000 0.000755 0.000000 0.000000 0.000000 0.000000 0.000000 0.000000 0.000000 0.000000 0.000000 0.000000 0.000000 0.000000 0.000000 0.000000 0.000000 0.000000 0.000000 0.000000 0.000017 0.000288 0.000000 0.000000 0.000000 0.000000 0.000000 0.000000 0.000000 0.000000 0.000000 0.000000 0.000000 0.000000 0.000000 0.000000 0.008755 0.000000 0.000000 0.000000 0.000000
 0.000000 0.000000 0.000000 0.000000 0.065705 0.000000 0.055507 0.000005 0.000000 0.000000 0.000504 0.000000 0.000000 0.000000 0.000000 0.000000 0.000000 0.000000 0.000000 0.000000 0.000000 0.314715 0.000000 0.031092 0.000622 0.000000 0.000000 0.000000 0.000000 0.170005 0.000000 0.000000 0.000000 0.141235 0.000000 0.000000 0.000000 0.000000 0.000639 0.001109 0.000011 0.048409 0.001421 0.000000 0.000000 0.000000 0.000000 0.000997 0.000000 0.000000 0.000038 0.000000 0.000000 0.000000 0.000022 0.000000 0.000000 0.000000 0.000000 0.000003 0.118294 0.000000 0.000000 0.000636 0.000527 0.000000 0.000000 0.000004 0.000090 0.000000 0.000005 0.000000 0.000000 0.000000 0.000000 0.000000 0.000000 0.000000 0.000000 0.001514 0.046254 0.000000 0.000017 0.000000 0.000000 0.000000 0.000000 0.000000 0.000000 0.000212 0.000398 0.000000 0.000000 0.000000 0.000000 0.000011 0.000000 0.000000 0.000000 0.000000
 0.000000 0.000000 0.000000 0.000000 0.000471 0.000000 0.242792 0.000000 0.000000 0.000000 0.000151 0.000000 0.000000 0.000000 0.000000 0.000000 0.000000 0.000000 0.000000 0.000000 0.000000 0.009262 0.000000 0.244207 0.060231 0.000000 0.000000 0.000000 0.000000 0.008849 0.000000 0.000000 0.000000 0.045577 0.000000 0.000000 0.000000 0.000000 0.005902 0.096835 0.078086 0.000002 0.203653 0.000000 0.000000 0.000000 0.000000 0.000062 0.000000 0.000000 0.000000 0.000000 0.000000 0.000000 0.002808 0.000000 0.000000 0.000000 0.000000 0.000000 0.000756 0.000000 0.000000 0.000000 0.000000 0.000000 0.000000 0.000000 0.000000 0.000000 0.000000 0.000000 0.000000 0.000000 0.000000 0.000000 0.000000 0.000000 0.000000 0.000014 0.000216 0.000000 0.000000 0.000000 0.000000 0.000000 0.000000 0.000000 0.000000 0.000000 0.000000 0.000000 0.000000 0.000000 0.000000 0.000127 0.000000 0.000000 0.000000 0.000000
 0.000000 0.000000 0.000000 0.000000 0.000242 0.000000 0.052685 0.000000 0.000000 0.000000 0.000070 0.000000 0.000000 0.000000 0.000000 0.000000 0.000000 0.000000 0.000000 0.000000 0.000000 0.000391 0.000000 0.181243 0.344892 0.000000 0.000000 0.000000 0.000000 0.001264 0.000000 0.000000 0.000000 0.003152 0.000000 0.000000 0.000000 0.000000 0.000365 0.138823 0.002907 0.258262 0.000000 0.000000 0.000000 0.000000 0.000000 0.000019 0.000000 0.000000 0.000000 0.000000 0.000000 0.000000 0.015162 0.000000 0.000000 0.000000 0.000000 0.000000 0.000175 0.000000 0.000000 0.000000 0.000000 0.000000 0.000000 0.000000 0.000000 0.000000 0.000000 0.000000 0.000000 0.000000 0.000000 0.000000 0.000000 0.000000 0.000000 0.000008 0.000126 0.000000 0.000000 0.000000 0.000000 0.000000 0.000000 0.000000 0.000000 0.000000 0.000000 0.000000 0.000000 0.000000 0.000000 0.000211 0.000000 0.000000 0.000000 0.000000
 0.000000 0.000079 0.000000 0.000000 0.000013 0.000000 0.000000 0.000000 0.000000 0.000000 0.000218 0.000000 0.000000 0.000000 0.000000 0.001410 0.000000 0.000000 0.000000 0.000000 0.000000 0.000000 0.004512 0.000000 0.000000 0.000000 0.000000 0.000000 0.231792 0.000000 0.004027 0.000000 0.000000 0.000029 0.248253 0.000032 0.000000 0.000000 0.000281 0.000000 0.000000 0.000000 0.000000 0.000012 0.149500 0.000000 0.000001 0.000000 0.000000 0.000000 0.000000 0.056456 0.000000 0.000000 0.000000 0.000000 0.000009 0.000014 0.000005 0.000000 0.000005 0.000000 0.000000 0.000000 0.000000 0.000132 0.000000 0.000000 0.000000 0.000000 0.000000 0.000000 0.000000 0.000000 0.000000 0.000005 0.000000 0.000000 0.000000 0.000000 0.000000 0.000000 0.000000 0.000076 0.000000 0.000000 0.000000 0.000118 0.000347 0.000000 0.000000 0.000000 0.000000 0.000105 0.000000 0.000068 0.000000 0.000028 0.000000 0.302474
 0.000000 0.000074 0.000000 0.000000 0.000035 0.000000 0.000000 0.000000 0.000000 0.000000 0.000933 0.000000 0.000000 0.000000 0.000000 0.330044 0.000000 0.000000 0.000000 0.000000 0.000000 0.000000 0.001696 0.000000 0.000000 0.000000 0.000000 0.000000 0.000256 0.000000 0.100403 0.000000 0.000000 0.000043 0.015902 0.000502 0.000000 0.000000 0.000285 0.000000 0.000000 0.000000 0.000000 0.172368 0.000107 0.000000 0.000058 0.000000 0.000000 0.000000 0.000000 0.326500 0.000000 0.000000 0.000000 0.000000 0.000402 0.000065 0.000078 0.000000 0.000009 0.000000 0.000000 0.000000 0.000000 0.001778 0.000000 0.000000 0.000000 0.000000 0.000000 0.000000 0.000000 0.000000 0.000000 0.000008 0.000000 0.000000 0.000000 0.000000 0.000000 0.000000 0.000000 0.000682 0.000000 0.000000 0.000000 0.000596 0.002585 0.000000 0.000000 0.000000 0.000000 0.008638 0.000000 0.000089 0.000000 0.001013 0.000000 0.034851
 0.000000 0.000000 0.000000 0.000000 0.000000 0.000018 0.000000 0.000000 0.000067 0.000098 0.000000 0.000000 0.000000 0.000000 0.000000 0.000000 0.000694 0.000000 0.096902 0.000465 0.000000 0.000000 0.000000 0.000000 0.000000 0.000027 0.036271 0.011946 0.000000 0.000000 0.000000 0.000000 0.000167 0.000000 0.000000 0.000000 0.016172 0.001115 0.000000 0.000000 0.000000 0.000000 0.000000 0.000000 0.000000 0.000000 0.000000 0.000000 0.000000 0.282046 0.000000 0.000000 0.000000 0.036139 0.000000 0.253866 0.000000 0.000042 0.000055 0.000000 0.000000 0.000000 0.000000 0.000000 0.000000 0.000000 0.000000 0.000000 0.000000 0.000083 0.000000 0.000015 0.235974 0.000357 0.000000 0.000013 0.000025 0.000100 0.000252 0.000000 0.000000 0.000000 0.000000 0.000000 0.000000 0.000000 0.000000 0.000000 0.000000 0.000000 0.000000 0.026956 0.000034 0.000020 0.000082 0.000000 0.000000 0.000001 0.000000 0.000000
 0.000000 0.000000 0.013825 0.000000 0.000025 0.022643 0.000000 0.000000 0.000000 0.000678 0.000131 0.000000 0.000000 0.000000 0.000000 0.095421 0.000000 0.000000 0.000000 0.000000 0.000000 0.000000 0.000000 0.000000 0.000000 0.000000 0.000172 0.000000 0.000001 0.000000 0.000009 0.000000 0.000130 0.000005 0.000002 0.066263 0.000000 0.000000 0.000006 0.000000 0.000000 0.000000 0.000000 0.000001 0.000043 0.000000 0.000056 0.000000 0.000000 0.000000 0.000000 0.001223 0.136757 0.000000 0.000000 0.000000 0.246228 0.000000 0.000218 0.000000 0.000001 0.000000 0.000000 0.131891 0.000000 0.000000 0.000000 0.000000 0.000000 0.000000 0.000000 0.000000 0.000000 0.000000 0.000000 0.000000 0.000662 0.000000 0.013085 0.000000 0.000000 0.000000 0.000000 0.000000 0.000000 0.000000 0.000000 0.000000 0.000000 0.000000 0.000000 0.000118 0.000000 0.134384 0.000747 0.000005 0.000000 0.000931 0.134334 0.000006
 0.000000 0.000000 0.000000 0.000000 0.001086 0.000000 0.000042 0.000011 0.000000 0.000000 0.000078 0.000000 0.000004 0.000000 0.000000 0.000000 0.000000 0.000000 0.000000 0.000000 0.000000 0.004166 0.000000 0.000104 0.000021 0.000000 0.000000 0.000000 0.000000 0.345571 0.000000 0.000000 0.000000 0.000147 0.000000 0.000006 0.000000 0.000000 0.000012 0.000009 0.000925 0.000036 0.000009 0.000000 0.000000 0.000000 0.000000 0.000039 0.000000 0.000000 0.031523 0.000000 0.000000 0.000000 0.000007 0.000000 0.000000 0.000000 0.000000 0.000007 0.000217 0.000000 0.000000 0.000803 0.105430 0.000000 0.000001 0.007768 0.000532 0.000000 0.000132 0.000000 0.000000 0.000000 0.000000 0.000000 0.000000 0.000000 0.000000 0.326317 0.097614 0.000000 0.052797 0.000000 0.000000 0.000000 0.000000 0.000000 0.000000 0.019222 0.005363 0.000000 0.000000 0.000000 0.000000 0.000004 0.000000 0.000000 0.000000 0.000000
 0.000018 0.000000 0.017932 0.016137 0.000000 0.000000 0.000000 0.000003 0.000127 0.000000 0.000000 0.002344 0.320983 0.001404 0.001166 0.000000 0.000000 0.000018 0.000000 0.000004 0.290328 0.000000 0.000000 0.000000 0.000000 0.000007 0.000000 0.000000 0.000000 0.000000 0.000000 0.001575 0.000112 0.000000 0.000000 0.000000 0.000000 0.000000 0.000000 0.000000 0.000000 0.000000 0.000000 0.000000 0.000000 0.000000 0.000000 0.000000 0.000003 0.000000 0.000000 0.000000 0.000000 0.000000 0.000000 0.000000 0.000000 0.000000 0.000000 0.000006 0.000000 0.000038 0.002598 0.000000 0.000000 0.000000 0.035934 0.000003 0.000027 0.000000 0.000006 0.000000 0.000000 0.000004 0.158812 0.000000 0.000000 0.000420 0.000000 0.000000 0.000000 0.019814 0.000000 0.000000 0.016696 0.106946 0.000047 0.000000 0.000000 0.000000 0.000000 0.000000 0.000000 0.000000 0.000000 0.000000 0.006488 0.000000 0.000000 0.000000
 0.000000 0.000000 0.000000 0.000000 0.000000 0.000014 0.000000 0.000000 0.000060 0.000138 0.000000 0.000000 0.000000 0.000000 0.000000 0.000000 0.001003 0.000000 0.045824 0.000403 0.000000 0.000000 0.000000 0.000000 0.000000 0.000025 0.066347 0.006180 0.000000 0.000000 0.000000 0.000000 0.000268 0.000000 0.000000 0.000000 0.006639 0.001654 0.000000 0.000000 0.000000 0.000000 0.000000 0.000000 0.000000 0.280742 0.000000 0.000000 0.000000 0.000000 0.000000 0.000000 0.000000 0.032274 0.000000 0.248500 0.000000 0.000031 0.000029 0.000000 0.000000 0.000000 0.000000 0.000000 0.000000 0.000000 0.000000 0.000000 0.000000 0.000074 0.000000 0.000016 0.251547 0.000312 0.000000 0.000012 0.000015 0.000092 0.000210 0.000000 0.000000 0.000000 0.000000 0.000000 0.000000 0.000000 0.000000 0.000000 0.000000 0.000000 0.000000 0.057500 0.000023 0.000020 0.000050 0.000000 0.000000 0.000001 0.000000 0.000000
 0.000003 0.000000 0.000000 0.000000 0.000370 0.000000 0.000000 0.001376 0.000000 0.000000 0.000000 0.000000 0.000221 0.000000 0.000024 0.000000 0.000000 0.000001 0.000000 0.000000 0.000002 0.000080 0.000000 0.000000 0.000000 0.000000 0.000000 0.000000 0.000000 0.000502 0.000000 0.000000 0.000000 0.000000 0.000000 0.000025 0.000000 0.000000 0.000000 0.000000 0.000057 0.000000 0.000000 0.000000 0.000000 0.000000 0.000000 0.051371 0.000000 0.000000 0.000001 0.000000 0.000000 0.000000 0.000000 0.000000 0.000000 0.000000 0.000000 0.000073 0.000092 0.000002 0.000003 0.001219 0.111642 0.000000 0.000016 0.054666 0.013639 0.000000 0.001492 0.000000 0.000000 0.000000 0.000000 0.000000 0.000000 0.000000 0.000000 0.004157 0.013025 0.000000 0.354295 0.000000 0.000000 0.000001 0.000005 0.000000 0.000000 0.365468 0.026171 0.000000 0.000000 0.000000 0.000000 0.000000 0.000002 0.000000 0.000000 0.000000
 0.000000 0.000001 0.000000 0.000000 0.003002 0.000000 0.000000 0.000000 0.000000 0.000000 0.058750 0.000000 0.000000 0.000000 0.000000 0.116150 0.000000 0.000000 0.000000 0.000000 0.000000 0.000000 0.000014 0.000000 0.000000 0.000000 0.000000 0.000000 0.001429 0.000000 0.007739 0.000000 0.000000 0.008250 0.005369 0.037406 0.000000 0.000000 0.021383 0.000000 0.000000 0.000000 0.000000 0.067058 0.336358 0.000000 0.001696 0.000000 0.000000 0.000000 0.000000 0.000082 0.000000 0.000000 0.000000 0.000000 0.034910 0.000015 0.000022 0.000000 0.000818 0.000000 0.000000 0.000000 0.000000 0.000081 0.000000 0.000000 0.000000 0.000000 0.000000 0.000000 0.000000 0.000000 0.000000 0.000002 0.000000 0.000000 0.000000 0.000000 0.000000 0.000000 0.000000 0.000022 0.000000 0.000000 0.000000 0.000017 0.000259 0.000000 0.000000 0.000000 0.000000 0.003138 0.000000 0.004724 0.000000 0.000187 0.000000 0.291117
 0.000000 0.000000 0.006337 0.000000 0.000000 0.238758 0.000000 0.000000 0.000000 0.004480 0.000000 0.000000 0.000000 0.000000 0.000000 0.009142 0.000000 0.000000 0.000000 0.000000 0.000000 0.000000 0.000000 0.000000 0.000000 0.000000 0.001965 0.000000 0.000000 0.000000 0.000000 0.000000 0.000183 0.000000 0.000000 0.000264 0.000000 0.000000 0.000000 0.000000 0.000000 0.000000 0.000000 0.000000 0.000000 0.000000 0.202978 0.000000 0.000000 0.000000 0.000000 0.000000 0.000002 0.000000 0.000000 0.000000 0.001893 0.000000 0.000920 0.000000 0.000000 0.000000 0.000000 0.006847 0.000000 0.000000 0.000000 0.000000 0.000000 0.000000 0.000000 0.000000 0.000000 0.000000 0.000000 0.000000 0.003993 0.000000 0.198819 0.000000 0.000000 0.000000 0.000000 0.000000 0.000000 0.000000 0.000000 0.000000 0.000000 0.000000 0.000000 0.000496 0.000000 0.094345 0.004257 0.000000 0.000000 0.001301 0.223020 0.000000
 0.000000 0.000000 0.000000 0.000000 0.000000 0.000010 0.000000 0.000000 0.000031 0.000099 0.000000 0.000000 0.000000 0.000000 0.000000 0.000000 0.000574 0.000000 0.286423 0.000316 0.000000 0.000000 0.000000 0.000000 0.000000 0.000010 0.000669 0.000317 0.000000 0.000000 0.000000 0.000000 0.000098 0.000000 0.000000 0.000000 0.001390 0.239228 0.000000 0.000000 0.000000 0.000000 0.000000 0.000000 0.000000 0.059744 0.000000 0.000000 0.000000 0.053601 0.000000 0.000000 0.000000 0.000058 0.000000 0.023693 0.000000 0.000000 0.000003 0.000000 0.000000 0.000000 0.000000 0.000000 0.000000 0.000000 0.000000 0.000000 0.000000 0.087256 0.000000 0.000163 0.241023 0.000093 0.000000 0.000078 0.000003 0.000313 0.000003 0.000000 0.000000 0.000000 0.000000 0.000000 0.000000 0.000000 0.000000 0.000000 0.000000 0.000000 0.000000 0.004758 0.000026 0.000012 0.000007 0.000000 0.000000 0.000000 0.000000 0.000000
 0.000000 0.000000 0.000000 0.000000 0.000131 0.000000 0.010060 0.000000 0.000000 0.000000 0.000626 0.000000 0.000000 0.000000 0.000000 0.000000 0.000000 0.000000 0.000000 0.000000 0.000000 0.000159 0.000000 0.000493 0.102953 0.000000 0.000000 0.000000 0.000000 0.000056 0.000000 0.000000 0.000000 0.032982 0.000000 0.000000 0.000000 0.000000 0.041688 0.388346 0.000047 0.003735 0.015903 0.000000 0.000000 0.000000 0.000000 0.000017 0.000000 0.000000 0.000000 0.000000 0.000000 0.000000 0.000012 0.000000 0.000000 0.000000 0.000000 0.000000 0.000327 0.000000 0.000000 0.000000 0.000000 0.000000 0.000000 0.000000 0.000000 0.000000 0.000000 0.000000 0.000000 0.000000 0.000000 0.000000 0.000000 0.000000 0.000000 0.000027 0.000178 0.000000 0.000000 0.000000 0.000000 0.000000 0.000000 0.000000 0.000000 0.000000 0.000000 0.000000 0.000000 0.000000 0.000000 0.402259 0.000000 0.000000 0.000000 0.000000
 0.000000 0.000000 0.000000 0.000000 0.000000 0.000311 0.000000 0.000000 0.000094 0.001893 0.000000 0.000000 0.000000 0.000000 0.000000 0.000000 0.000315 0.000000 0.100514 0.000327 0.000000 0.000000 0.000000 0.000000 0.000000 0.000031 0.113419 0.036816 0.000000 0.000000 0.000000 0.000000 0.000423 0.000000 0.000000 0.000000 0.071254 0.000229 0.000000 0.000000 0.000000 0.000000 0.000000 0.000000 0.000000 0.226378 0.000000 0.000000 0.000000 0.222622 0.000000 0.000000 0.000000 0.012780 0.000000 0.000001 0.000000 0.000165 0.001542 0.000000 0.000000 0.000000 0.000000 0.000000 0.000000 0.000002 0.000000 0.000000 0.000000 0.000039 0.000000 0.000009 0.113258 0.000266 0.000000 0.000088 0.001213 0.000094 0.003749 0.000000 0.000000 0.000000 0.000000 0.000000 0.000000 0.000000 0.000000 0.000000 0.000000 0.000000 0.000000 0.089112 0.000751 0.000249 0.002043 0.000000 0.000000 0.000012 0.000000 0.000000
 0.000000 0.000000 0.000174 0.000000 0.000141 0.000968 0.000000 0.000000 0.000000 0.000041 0.002299 0.000000 0.000000 0.000000 0.000000 0.251077 0.000000 0.000000 0.000000 0.000000 0.000000 0.000000 0.000000 0.000000 0.000000 0.000000 0.000015 0.000000 0.000002 0.000000 0.000024 0.000000 0.000036 0.000094 0.000008 0.354759 0.000000 0.000000 0.000029 0.000000 0.000000 0.000000 0.000000 0.000011 0.000412 0.000000 0.339902 0.000000 0.000000 0.000000 0.000000 0.034748 0.001760 0.000000 0.000000 0.000000 0.000004 0.000000 0.000008 0.000000 0.000009 0.000000 0.000000 0.003909 0.000000 0.000000 0.000000 0.000000 0.000000 0.000000 0.000000 0.000000 0.000000 0.000000 0.000000 0.000000 0.000017 0.000000 0.000232 0.000000 0.000000 0.000000 0.000000 0.000000 0.000000 0.000000 0.000000 0.000000 0.000000 0.000000 0.000000 0.000027 0.000000 0.007633 0.000018 0.000014 0.000000 0.000057 0.001478 0.000093
 0.000000 0.000011 0.000000 0.000000 0.000000 0.000536 0.000000 0.000000 0.000000 0.000000 0.000000 0.000000 0.000000 0.000000 0.000000 0.000024 0.000000 0.000000 0.000403 0.000000 0.000000 0.000000 0.000029 0.000000 0.000000 0.000000 0.000348 0.000911 0.000001 0.000000 0.044781 0.000000 0.000000 0.000000 0.000027 0.000000 0.001039 0.000000 0.000000 0.000000 0.000000 0.000000 0.000000 0.000011 0.000043 0.000053 0.000000 0.000000 0.000000 0.000039 0.000000 0.000010 0.000000 0.000000 0.000000 0.000231 0.000000 0.000079 0.135210 0.000000 0.000000 0.000000 0.000000 0.000000 0.000000 0.157978 0.000000 0.000000 0.000000 0.000000 0.000000 0.000000 0.000065 0.000000 0.000000 0.289153 0.003523 0.000000 0.000326 0.000000 0.000000 0.000000 0.000000 0.035065 0.000000 0.000000 0.000000 0.137873 0.145443 0.000000 0.000000 0.000000 0.014979 0.001413 0.026798 0.000000 0.000000 0.003598 0.000000 0.000001
 0.000000 0.000001 0.000033 0.000000 0.000000 0.012489 0.000000 0.000000 0.000000 0.000022 0.000000 0.000000 0.000000 0.000000 0.000000 0.001087 0.000000 0.000000 0.000355 0.000000 0.000000 0.000000 0.000004 0.000000 0.000000 0.000000 0.000571 0.007747 0.000000 0.000000 0.002175 0.000000 0.000002 0.000000 0.000008 0.000001 0.000993 0.000000 0.000000 0.000000 0.000000 0.000000 0.000000 0.000002 0.000031 0.000040 0.000115 0.000000 0.000000 0.000021 0.000000 0.000008 0.000326 0.000001 0.000000 0.001268 0.000003 0.079314 0.000026 0.000000 0.000000 0.000000 0.000000 0.000008 0.000000 0.060199 0.000000 0.000000 0.000000 0.000000 0.000000 0.000000 0.000009 0.000000 0.000000 0.142959 0.176642 0.000000 0.000833 0.000000 0.000000 0.000000 0.000000 0.000187 0.000000 0.000000 0.000000 0.000691 0.000175 0.000000 0.000000 0.000691 0.051610 0.115165 0.211413 0.000000 0.000000 0.132581 0.000193 0.000000
 0.243372 0.000000 0.000000 0.000000 0.000007 0.000000 0.000000 0.342168 0.000000 0.000000 0.000000 0.000000 0.000903 0.000020 0.015449 0.000000 0.000000 0.007239 0.000000 0.000000 0.000013 0.000002 0.000000 0.000000 0.000000 0.000000 0.000000 0.000000 0.000000 0.000003 0.000000 0.000000 0.000000 0.000000 0.000000 0.000000 0.000000 0.000000 0.000000 0.000000 0.000003 0.000000 0.000000 0.000000 0.000000 0.000000 0.000000 0.000007 0.000006 0.000000 0.000050 0.000000 0.000000 0.000000 0.000000 0.000000 0.000000 0.000000 0.000000 0.000002 0.000006 0.004478 0.000300 0.000532 0.000015 0.000000 0.000311 0.007203 0.185299 0.000000 0.189541 0.000000 0.000000 0.000000 0.000000 0.000000 0.000000 0.000000 0.000000 0.000003 0.000027 0.000000 0.000019 0.000000 0.000002 0.000163 0.000472 0.000000 0.000000 0.002115 0.000095 0.000000 0.000000 0.000000 0.000000 0.000000 0.000173 0.000000 0.000000 0.000000
 0.000000 0.000000 0.000000 0.000000 0.358443 0.000000 0.004035 0.000010 0.000000 0.000000 0.188635 0.000000 0.000004 0.000000 0.000000 0.000002 0.000000 0.000000 0.000000 0.000000 0.000000 0.093997 0.000000 0.000160 0.000065 0.000000 0.000000 0.000000 0.000000 0.001595 0.000007 0.000000 0.000000 0.116631 0.000004 0.046395 0.000000 0.000000 0.005436 0.000364 0.097642 0.000387 0.000071 0.000003 0.000005 0.000000 0.000001 0.000193 0.000000 0.000000 0.000050 0.000453 0.000000 0.000000 0.000126 0.000000 0.000005 0.000000 0.000000 0.000005 0.000013 0.000000 0.000000 0.023156 0.000419 0.000000 0.000001 0.000026 0.000176 0.000000 0.000028 0.000000 0.000000 0.000000 0.000000 0.000000 0.000000 0.000000 0.000000 0.000388 0.050577 0.000000 0.000029 0.000000 0.000000 0.000000 0.000000 0.000000 0.000000 0.000353 0.009973 0.000000 0.000000 0.000000 0.000000 0.000111 0.000000 0.000000 0.000000 0.000026
 0.167604 0.000000 0.000000 0.000000 0.000000 0.000000 0.000000 0.001176 0.000000 0.000000 0.000000 0.000020 0.000780 0.001301 0.080679 0.000000 0.000000 0.279979 0.000000 0.000000 0.000143 0.000000 0.000000 0.000000 0.000000 0.000000 0.000000 0.000000 0.000000 0.000000 0.000000 0.000000 0.000000 0.000000 0.000000 0.000000 0.000000 0.000000 0.000000 0.000000 0.000000 0.000000 0.000000 0.000000 0.000000 0.000000 0.000000 0.000000 0.000063 0.000000 0.000002 0.000000 0.000000 0.000000 0.000000 0.000000 0.000000 0.000000 0.000000 0.007797 0.000000 0.000225 0.002444 0.000000 0.000000 0.000000 0.000463 0.000163 0.003891 0.000000 0.000219 0.000000 0.000000 0.000000 0.000004 0.000000 0.000000 0.000000 0.000000 0.000000 0.000000 0.000003 0.000001 0.000000 0.000020 0.002100 0.449826 0.000000 0.000000 0.000032 0.000000 0.000000 0.000000 0.000000 0.000000 0.000000 0.001064 0.000000 0.000000 0.000000
 0.001106 0.000000 0.000000 0.000000 0.000000 0.000000 0.000000 0.000501 0.000000 0.000000 0.000000 0.000002 0.039918 0.000717 0.250143 0.000000 0.000000 0.000140 0.000000 0.000000 0.025728 0.000000 0.000000 0.000000 0.000000 0.000000 0.000000 0.000000 0.000000 0.000000 0.000000 0.000000 0.000000 0.000000 0.000000 0.000000 0.000000 0.000000 0.000000 0.000000 0.000000 0.000000 0.000000 0.000000 0.000000 0.000000 0.000000 0.000000 0.002737 0.000000 0.000002 0.000000 0.000000 0.000000 0.000000 0.000000 0.000000 0.000000 0.000000 0.000335 0.000000 0.001569 0.000000 0.000000 0.000000 0.000000 0.114050 0.000097 0.026994 0.000000 0.000027 0.000000 0.000000 0.000000 0.000004 0.000000 0.000000 0.000000 0.000000 0.000000 0.000000 0.000003 0.000001 0.000000 0.000101 0.250181 0.025378 0.000000 0.000000 0.000215 0.000000 0.000000 0.000000 0.000000 0.000000 0.000000 0.260052 0.000000 0.000000 0.000000
 0.000000 0.000000 0.170547 0.000000 0.032163 0.001489 0.000000 0.000341 0.000000 0.000299 0.000000 0.000000 0.052860 0.000000 0.000000 0.001077 0.000000 0.000000 0.000000 0.000000 0.000000 0.000408 0.000000 0.000000 0.000000 0.000000 0.000028 0.000000 0.000000 0.000185 0.000000 0.000000 0.000151 0.000000 0.000000 0.263112 0.000000 0.000000 0.000000 0.000000 0.000659 0.000000 0.000000 0.000000 0.000000 0.000000 0.127042 0.000897 0.000000 0.000000 0.000836 0.000000 0.004443 0.000000 0.000000 0.000000 0.002728 0.000000 0.000015 0.000528 0.029068 0.000000 0.000000 0.000414 0.005691 0.000000 0.000156 0.000153 0.042060 0.000000 0.000142 0.000000 0.000000 0.000000 0.000000 0.000000 0.000103 0.000000 0.001594 0.000961 0.027065 0.000000 0.000355 0.000000 0.000000 0.000000 0.000000 0.000000 0.000000 0.014697 0.173732 0.000123 0.000000 0.000306 0.000011 0.000000 0.000000 0.000019 0.043540 0.000000
 0.000000 0.000000 0.000000 0.000000 0.003756 0.000000 0.000000 0.000125 0.000000 0.000000 0.000000 0.000000 0.000023 0.000000 0.000000 0.000000 0.000000 0.000000 0.000000 0.000000 0.000000 0.001766 0.000000 0.000000 0.000000 0.000000 0.000000 0.000000 0.000000 0.008147 0.000000 0.000000 0.000000 0.000000 0.000000 0.000120 0.000000 0.000000 0.000000 0.000000 0.000832 0.000000 0.000000 0.000000 0.000000 0.000000 0.000000 0.179585 0.000000 0.000000 0.116691 0.000000 0.000000 0.000000 0.000000 0.000000 0.000000 0.000000 0.000000 0.000023 0.000801 0.000000 0.000000 0.008676 0.000005 0.000000 0.000004 0.002731 0.005868 0.000000 0.000244 0.000000 0.000000 0.000000 0.000000 0.000000 0.000000 0.000000 0.000000 0.196867 0.152927 0.000000 0.035401 0.000000 0.000000 0.000000 0.000000 0.000000 0.000000 0.164784 0.120623 0.000000 0.000000 0.000000 0.000000 0.000000 0.000000 0.000000 0.000000 0.000000
 0.000000 0.000004 0.000000 0.000000 0.000000 0.000008 0.000000 0.000000 0.000000 0.000000 0.000000 0.000000 0.000000 0.000000 0.000000 0.014045 0.000000 0.000000 0.000001 0.000000 0.000000 0.000000 0.000085 0.000000 0.000000 0.000000 0.000002 0.000002 0.000001 0.000000 0.134844 0.000000 0.000000 0.000000 0.000242 0.000000 0.000002 0.000000 0.000000 0.000000 0.000000 0.000000 0.000000 0.000092 0.001076 0.000000 0.000000 0.000000 0.000000 0.000000 0.000000 0.000047 0.000000 0.000000 0.000000 0.000003 0.000000 0.143433 0.093174 0.000000 0.000000 0.000000 0.000000 0.000000 0.000000 0.000002 0.000000 0.000000 0.000000 0.000000 0.000000 0.000000 0.000000 0.000000 0.000000 0.248360 0.000002 0.000000 0.000010 0.000000 0.000000 0.000000 0.000000 0.017798 0.000000 0.000000 0.000000 0.058511 0.002209 0.000000 0.000000 0.000000 0.000006 0.039303 0.000310 0.000000 0.000000 0.246425 0.000000 0.000001
 0.000367 0.000000 0.000093 0.000033 0.000001 0.000000 0.000000 0.026216 0.000001 0.000000 0.000000 0.000056 0.368154 0.000215 0.066468 0.000000 0.000000 0.000130 0.000000 0.000000 0.015505 0.000002 0.000000 0.000000 0.000000 0.000000 0.000000 0.000000 0.000000 0.000001 0.000000 0.000005 0.000001 0.000000 0.000000 0.000031 0.000000 0.000000 0.000000 0.000000 0.000000 0.000000 0.000000 0.000000 0.000000 0.000000 0.000000 0.000001 0.027270 0.000000 0.000009 0.000000 0.000000 0.000000 0.000000 0.000000 0.000000 0.000000 0.000000 0.000251 0.000001 0.000214 0.082153 0.000127 0.000002 0.000000 0.000006 0.000063 0.073870 0.000000 0.000015 0.000000 0.000000 0.000000 0.000241 0.000000 0.000000 0.000003 0.000000 0.000001 0.000038 0.000120 0.000003 0.000000 0.000039 0.203775 0.000887 0.000000 0.000000 0.000470 0.002674 0.000000 0.000000 0.000000 0.000000 0.000000 0.130488 0.000000 0.000000 0.000000
 0.001926 0.000000 0.000000 0.000000 0.000050 0.000000 0.000000 0.165058 0.000000 0.000000 0.000000 0.000000 0.000376 0.000024 0.001024 0.000000 0.000000 0.000250 0.000000 0.000000 0.000013 0.000003 0.000000 0.000000 0.000000 0.000000 0.000000 0.000000 0.000000 0.000033 0.000000 0.000000 0.000000 0.000000 0.000000 0.000028 0.000000 0.000000 0.000000 0.000000 0.000005 0.000000 0.000000 0.000000 0.000000 0.000000 0.000000 0.009119 0.000003 0.000000 0.039381 0.000000 0.000000 0.000000 0.000000 0.000000 0.000000 0.000000 0.000000 0.007501 0.000035 0.000097 0.000090 0.000161 0.001882 0.000000 0.000082 0.000181 0.118647 0.000000 0.339333 0.000000 0.000000 0.000000 0.000000 0.000000 0.000000 0.000000 0.000000 0.000100 0.000206 0.000000 0.250297 0.000000 0.000006 0.000126 0.000135 0.000000 0.000000 0.062593 0.001173 0.000000 0.000000 0.000000 0.000000 0.000000 0.000061 0.000000 0.000000 0.000000
 0.024856 0.000000 0.000000 0.000000 0.000312 0.000000 0.000000 0.270609 0.000000 0.000000 0.000000 0.000006 0.050735 0.000108 0.137416 0.000000 0.000000 0.000975 0.000000 0.000000 0.000044 0.000047 0.000000 0.000000 0.000000 0.000000 0.000000 0.000000 0.000000 0.000078 0.000000 0.000000 0.000000 0.000000 0.000000 0.000023 0.000000 0.000000 0.000000 0.000000 0.000065 0.000000 0.000000 0.000000 0.000000 0.000000 0.000000 0.000414 0.000017 0.000000 0.006513 0.000000 0.000000 0.000000 0.000000 0.000000 0.000000 0.000000 0.000000 0.127919 0.000154 0.001543 0.016672 0.029296 0.002681 0.000000 0.063338 0.078654 0.000179 0.000000 0.002702 0.000000 0.000000 0.000000 0.000001 0.000000 0.000000 0.000000 0.000000 0.000196 0.002785 0.000001 0.001534 0.000000 0.000007 0.009322 0.002006 0.000000 0.000000 0.115238 0.044175 0.000000 0.000000 0.000000 0.000000 0.000000 0.009377 0.000000 0.000000 0.000000
 0.000000 0.000000 0.000000 0.000000 0.000000 0.000000 0.000000 0.000000 0.005912 0.000074 0.000000 0.000000 0.000000 0.000000 0.000000 0.000000 0.033260 0.000000 0.000687 0.000558 0.000000 0.000000 0.000000 0.000000 0.000000 0.000704 0.000809 0.000116 0.000000 0.000000 0.000000 0.000000 0.000104 0.000000 0.000000 0.000000 0.000180 0.387847 0.000000 0.000000 0.000000 0.000000 0.000000 0.000000 0.000000 0.000253 0.000000 0.000000 0.000000 0.000226 0.000000 0.000000 0.000000 0.161212 0.000000 0.000134 0.000000 0.000000 0.000000 0.000000 0.000000 0.000000 0.000000 0.000000 0.000000 0.000000 0.000000 0.000000 0.000000 0.000077 0.000000 0.402959 0.002683 0.001358 0.000000 0.000000 0.000000 0.000521 0.000000 0.000000 0.000000 0.000000 0.000000 0.000000 0.000000 0.000000 0.000000 0.000000 0.000000 0.000000 0.000000 0.000327 0.000000 0.000000 0.000000 0.000000 0.000000 0.000000 0.000000 0.000000
 0.071558 0.000000 0.000000 0.000000 0.000060 0.000000 0.000000 0.209532 0.000000 0.000000 0.000000 0.000000 0.000296 0.000014 0.000304 0.000000 0.000000 0.061649 0.000000 0.000000 0.000050 0.000002 0.000000 0.000000 0.000000 0.000000 0.000000 0.000000 0.000000 0.000007 0.000000 0.000000 0.000000 0.000000 0.000000 0.000000 0.000000 0.000000 0.000000 0.000000 0.000006 0.000000 0.000000 0.000000 0.000000 0.000000 0.000000 0.000185 0.000007 0.000000 0.001284 0.000000 0.000000 0.000000 0.000000 0.000000 0.000000 0.000000 0.000000 0.235734 0.000044 0.000156 0.000031 0.000179 0.000201 0.000000 0.000023 0.405276 0.004869 0.000000 0.000201 0.000000 0.000000 0.000000 0.000000 0.000000 0.000000 0.000000 0.000000 0.000016 0.000054 0.000000 0.002789 0.000000 0.000014 0.000042 0.000104 0.000000 0.000000 0.005202 0.000086 0.000000 0.000000 0.000000 0.000000 0.000000 0.000026 0.000000 0.000000 0.000000
 0.000000 0.000000 0.000000 0.000000 0.000000 0.000000 0.000000 0.000000 0.044987 0.000036 0.000000 0.000000 0.000000 0.000000 0.000000 0.000000 0.449043 0.000000 0.000037 0.000723 0.000000 0.000000 0.000000 0.000000 0.000000 0.002997 0.000393 0.000035 0.000000 0.000000 0.000000 0.000000 0.000073 0.000000 0.000000 0.000000 0.000024 0.035322 0.000000 0.000000 0.000000 0.000000 0.000000 0.000000 0.000000 0.000052 0.000000 0.000000 0.000000 0.000056 0.000000 0.000000 0.000000 0.000344 0.000000 0.000036 0.000000 0.000000 0.000000 0.000000 0.000000 0.000000 0.000000 0.000000 0.000000 0.000000 0.000000 0.000000 0.000000 0.460727 0.000000 0.000002 0.001634 0.003225 0.000000 0.000000 0.000000 0.000111 0.000000 0.000000 0.000000 0.000000 0.000000 0.000000 0.000000 0.000000 0.000000 0.000000 0.000000 0.000000 0.000000 0.000141 0.000000 0.000000 0.000000 0.000000 0.000000 0.000000 0.000000 0.000000
 0.000000 0.000000 0.000000 0.000000 0.000000 0.000010 0.000000 0.000000 0.000205 0.000110 0.000000 0.000000 0.000000 0.000000 0.000000 0.000000 0.016458 0.000000 0.114355 0.001003 0.000000 0.000000 0.000000 0.000000 0.000000 0.000106 0.046636 0.003462 0.000000 0.000000 0.000000 0.000000 0.000798 0.000000 0.000000 0.000000 0.006619 0.029059 0.000000 0.000000 0.000000 0.000000 0.000000 0.000000 0.000000 0.223873 0.000000 0.000000 0.000000 0.239755 0.000000 0.000000 0.000000 0.138319 0.000000 0.120497 0.000000 0.000050 0.000011 0.000000 0.000000 0.000000 0.000000 0.000000 0.000000 0.000000 0.000000 0.000000 0.000000 0.000833 0.000000 0.000444 0.000003 0.001112 0.000000 0.000005 0.000005 0.000220 0.000226 0.000000 0.000000 0.000000 0.000000 0.000000 0.000000 0.000000 0.000000 0.000000 0.000000 0.000000 0.000000 0.055790 0.000011 0.000005 0.000018 0.000000 0.000000 0.000001 0.000000 0.000000
 0.000000 0.000000 0.000051 0.000049 0.000000 0.000000 0.000000 0.000000 0.143053 0.000506 0.000000 0.000024 0.000002 0.000006 0.000000 0.000000 0.055180 0.000000 0.000031 0.325711 0.000004 0.000000 0.000000 0.000000 0.000000 0.318440 0.009692 0.000254 0.000000 0.000000 0.000000 0.000212 0.023799 0.000000 0.000000 0.000000 0.000085 0.000191 0.000000 0.000000 0.000000 0.000000 0.000000 0.000000 0.000000 0.000511 0.000000 0.000000 0.000004 0.000448 0.000000 0.000000 0.000000 0.000081 0.000000 0.000427 0.000000 0.000000 0.000000 0.000000 0.000000 0.000000 0.000000 0.000000 0.000000 0.000000 0.000000 0.000000 0.000000 0.000636 0.000000 0.001322 0.001677 0.000001 0.000004 0.000000 0.000000 0.101921 0.000000 0.000000 0.000000 0.000005 0.000000 0.000000 0.000004 0.000003 0.000000 0.000000 0.000000 0.000000 0.000000 0.015664 0.000000 0.000000 0.000000 0.000000 0.000000 0.000000 0.000000 0.000000
 0.000001 0.000000 0.006986 0.062079 0.000000 0.000000 0.000000 0.000000 0.000207 0.000000 0.000000 0.012368 0.015361 0.003393 0.000007 0.000000 0.000000 0.000000 0.000000 0.000007 0.302669 0.000000 0.000000 0.000000 0.000000 0.000010 0.000000 0.000000 0.000000 0.000000 0.000000 0.011500 0.000052 0.000000 0.000000 0.000000 0.000000 0.000000 0.000000 0.000000 0.000000 0.000000 0.000000 0.000000 0.000000 0.000000 0.000000 0.000000 0.248279 0.000000 0.000000 0.000000 0.000000 0.000000 0.000000 0.000000 0.000000 0.000000 0.000000 0.000000 0.000000 0.000004 0.000006 0.000000 0.000000 0.000000 0.000497 0.000000 0.000002 0.000000 0.000000 0.000000 0.000000 0.000006 0.000002 0.000000 0.000000 0.000883 0.000000 0.000000 0.000000 0.283529 0.000000 0.000000 0.023915 0.028219 0.000006 0.000000 0.000000 0.000000 0.000000 0.000000 0.000000 0.000000 0.000000 0.000000 0.000011 0.000000 0.000000 0.000000
 0.000000 0.000000 0.000000 0.000000 0.000000 0.000500 0.000000 0.000000 0.000000 0.000023 0.000000 0.000000 0.000000 0.000000 0.000000 0.000030 0.000000 0.000000 0.000099 0.000000 0.000000 0.000000 0.000005 0.000000 0.000000 0.000000 0.000119 0.000210 0.000000 0.000000 0.015061 0.000000 0.000000 0.000000 0.000006 0.000000 0.000105 0.000000 0.000000 0.000000 0.000000 0.000000 0.000000 0.000004 0.000006 0.000016 0.000000 0.000000 0.000000 0.000015 0.000000 0.000001 0.000000 0.000060 0.000000 0.000126 0.000000 0.296359 0.249781 0.000000 0.000000 0.000000 0.000000 0.000000 0.000000 0.280362 0.000000 0.000000 0.000000 0.000000 0.000000 0.000000 0.000007 0.000000 0.000000 0.000031 0.006450 0.000000 0.000077 0.000000 0.000000 0.000000 0.000000 0.000883 0.000000 0.000000 0.000000 0.008184 0.000291 0.000000 0.000000 0.000016 0.027991 0.060687 0.048442 0.000000 0.000000 0.004051 0.000000 0.000000
 0.000000 0.000000 0.000031 0.000000 0.000000 0.046160 0.000000 0.000000 0.000000 0.000499 0.000000 0.000000 0.000000 0.000000 0.000000 0.000480 0.000000 0.000000 0.000381 0.000000 0.000000 0.000000 0.000000 0.000000 0.000000 0.000000 0.075804 0.092844 0.000000 0.000000 0.000000 0.000000 0.000026 0.000000 0.000000 0.000020 0.003908 0.000000 0.000000 0.000000 0.000000 0.000000 0.000000 0.000000 0.000000 0.000027 0.000507 0.000000 0.000000 0.000016 0.000000 0.000000 0.002064 0.000002 0.000000 0.001453 0.000010 0.003013 0.257497 0.000000 0.000000 0.000000 0.000000 0.000082 0.000000 0.000002 0.000000 0.000000 0.000000 0.000000 0.000000 0.000000 0.000006 0.000000 0.000000 0.005381 0.000002 0.000000 0.008896 0.000000 0.000000 0.000000 0.000000 0.000000 0.000000 0.000000 0.000000 0.000000 0.000000 0.000000 0.000000 0.116557 0.124175 0.009944 0.246685 0.000000 0.000000 0.002880 0.000649 0.000000
 0.000000 0.000000 0.019775 0.018290 0.000000 0.000000 0.000000 0.000000 0.138461 0.001446 0.000000 0.001513 0.000129 0.000394 0.000000 0.000000 0.002454 0.000000 0.000007 0.292341 0.000190 0.000000 0.000000 0.000000 0.000000 0.070173 0.042064 0.000048 0.000000 0.000000 0.000000 0.052755 0.243936 0.000000 0.000000 0.000000 0.000017 0.000216 0.000000 0.000000 0.000000 0.000000 0.000000 0.000000 0.000000 0.000138 0.000000 0.000000 0.000405 0.000128 0.000000 0.000000 0.000000 0.000262 0.000000 0.000146 0.000000 0.000000 0.000000 0.000000 0.000000 0.000000 0.000000 0.000000 0.000000 0.000000 0.000003 0.000000 0.000000 0.000236 0.000000 0.000044 0.000322 0.098563 0.000544 0.000000 0.000000 0.000002 0.000000 0.000000 0.000000 0.000833 0.000000 0.000000 0.000305 0.000026 0.000000 0.000000 0.000000 0.000000 0.000000 0.013834 0.000000 0.000000 0.000000 0.000000 0.000000 0.000000 0.000000 0.000000
 0.000000 0.000000 0.037780 0.000000 0.000000 0.358655 0.000000 0.000000 0.000000 0.116656 0.000000 0.000000 0.000000 0.000000 0.000000 0.001437 0.000000 0.000000 0.000123 0.000000 0.000000 0.000000 0.000000 0.000000 0.000000 0.000000 0.169171 0.000229 0.000000 0.000000 0.000000 0.000000 0.002271 0.000000 0.000000 0.000035 0.000094 0.000000 0.000000 0.000000 0.000000 0.000000 0.000000 0.000000 0.000000 0.000319 0.011889 0.000000 0.000000 0.000267 0.000000 0.000000 0.121715 0.000003 0.000000 0.005321 0.000153 0.000330 0.001439 0.000000 0.000000 0.000000 0.000000 0.001504 0.000000 0.000011 0.000000 0.000000 0.000000 0.000000 0.000000 0.000000 0.000301 0.000000 0.000000 0.000076 0.010537 0.000000 0.000014 0.000000 0.000000 0.000000 0.000000 0.000000 0.000000 0.000000 0.000000 0.000000 0.000000 0.000000 0.000000 0.012884 0.000015 0.039616 0.006164 0.000000 0.000000 0.000407 0.100585 0.000000
 0.000000 0.000000 0.000000 0.000000 0.005209 0.000000 0.000021 0.000014 0.000000 0.000000 0.000408 0.000000 0.000002 0.000000 0.000000 0.000000 0.000000 0.000000 0.000000 0.000000 0.000000 0.005814 0.000000 0.000012 0.000012 0.000000 0.000000 0.000000 0.000000 0.121512 0.000000 0.000000 0.000000 0.000048 0.000000 0.000020 0.000000 0.000000 0.000007 0.000010 0.001567 0.000009 0.000004 0.000000 0.000000 0.000000 0.000000 0.364045 0.000000 0.000000 0.002846 0.000000 0.000000 0.000000 0.000013 0.000000 0.000000 0.000000 0.000000 0.000003 0.000486 0.000000 0.000000 0.000959 0.128939 0.000000 0.000001 0.000095 0.000281 0.000000 0.000013 0.000000 0.000000 0.000000 0.000000 0.000000 0.000000 0.000000 0.000000 0.000002 0.347009 0.000000 0.000832 0.000000 0.000000 0.000000 0.000000 0.000000 0.000000 0.005913 0.013893 0.000000 0.000000 0.000000 0.000000 0.000002 0.000000 0.000000 0.000000 0.000000
 0.000000 0.000000 0.000000 0.000000 0.204607 0.000000 0.000599 0.000093 0.000000 0.000000 0.023930 0.000000 0.000122 0.000000 0.000000 0.000000 0.000000 0.000000 0.000000 0.000000 0.000000 0.117437 0.000000 0.000059 0.000104 0.000000 0.000000 0.000000 0.000000 0.073545 0.000000 0.000000 0.000000 0.002791 0.000000 0.003352 0.000000 0.000000 0.000061 0.000118 0.032596 0.000094 0.000043 0.000000 0.000000 0.000000 0.000000 0.074179 0.000000 0.000000 0.006074 0.000000 0.000000 0.000000 0.000059 0.000000 0.000000 0.000000 0.000000 0.000018 0.043180 0.000000 0.000000 0.018407 0.068225 0.000000 0.000031 0.000133 0.002720 0.000000 0.000029 0.000000 0.000000 0.000000 0.000000 0.000000 0.000000 0.000000 0.000000 0.236370 0.000022 0.000000 0.000950 0.000000 0.000000 0.000000 0.000000 0.000000 0.000000 0.016584 0.073459 0.000000 0.000000 0.000000 0.000000 0.000007 0.000000 0.000000 0.000000 0.000000
 0.000001 0.000000 0.002037 0.040546 0.000000 0.000000 0.000000 0.000000 0.000504 0.000000 0.000000 0.083474 0.001708 0.060896 0.000007 0.000000 0.000000 0.000000 0.000000 0.000010 0.213961 0.000000 0.000000 0.000000 0.000000 0.000017 0.000000 0.000000 0.000000 0.000000 0.000000 0.016664 0.000061 0.000000 0.000000 0.000000 0.000000 0.000000 0.000000 0.000000 0.000000 0.000000 0.000000 0.000000 0.000000 0.000000 0.000000 0.000000 0.028812 0.000000 0.000000 0.000000 0.000000 0.000000 0.000000 0.000000 0.000000 0.000000 0.000000 0.000000 0.000000 0.000003 0.000004 0.000000 0.000000 0.000000 0.000231 0.000000 0.000002 0.000000 0.000000 0.000000 0.000000 0.000007 0.263722 0.000000 0.000000 0.001257 0.000000 0.000000 0.000000 0.000001 0.000000 0.000000 0.271839 0.014216 0.000014 0.000000 0.000000 0.000000 0.000000 0.000000 0.000000 0.000000 0.000000 0.000000 0.000005 0.000000 0.000000 0.000000
 0.000002 0.000000 0.000000 0.000000 0.000109 0.000000 0.000000 0.000480 0.000000 0.000000 0.000000 0.000000 0.000032 0.000000 0.000012 0.000000 0.000000 0.000001 0.000000 0.000000 0.000001 0.000018 0.000000 0.000000 0.000000 0.000000 0.000000 0.000000 0.000000 0.000199 0.000000 0.000000 0.000000 0.000000 0.000000 0.000024 0.000000 0.000000 0.000000 0.000000 0.000025 0.000000 0.000000 0.000000 0.000000 0.000000 0.000000 0.083986 0.000000 0.000000 0.345837 0.000000 0.000000 0.000000 0.000000 0.000000 0.000000 0.000000 0.000000 0.000026 0.000052 0.000001 0.000002 0.000506 0.033061 0.000000 0.000006 0.339157 0.003136 0.000000 0.003164 0.000000 0.000000 0.000000 0.000000 0.000000 0.000000 0.000000 0.000000 0.001186 0.001988 0.000000 0.000001 0.000000 0.000000 0.000001 0.000007 0.000000 0.000000 0.182750 0.004228 0.000000 0.000000 0.000000 0.000000 0.000000 0.000001 0.000000 0.000000 0.000000
 0.000000 0.000176 0.000000 0.000000 0.000000 0.000000 0.000000 0.000000 0.000000 0.000000 0.000000 0.000000 0.000000 0.000000 0.000000 0.001887 0.000000 0.000000 0.000000 0.000000 0.000000 0.000000 0.005389 0.000000 0.000000 0.000000 0.000000 0.000000 0.000001 0.000000 0.308956 0.000000 0.000000 0.000000 0.000526 0.000000 0.000000 0.000000 0.000000 0.000000 0.000000 0.000000 0.000000 0.000104 0.000809 0.000000 0.000000 0.000000 0.000000 0.000000 0.000000 0.000025 0.000000 0.000000 0.000000 0.000000 0.000000 0.062484 0.000568 0.000000 0.000000 0.000000 0.000000 0.000000 0.000000 0.034932 0.000000 0.000000 0.000000 0.000000 0.000000 0.000000 0.000000 0.000000 0.000000 0.001535 0.000000 0.000000 0.000000 0.000000 0.000000 0.000000 0.000000 0.000001 0.000000 0.000000 0.000000 0.322748 0.259216 0.000000 0.000000 0.000000 0.000000 0.000295 0.000000 0.000000 0.000000 0.000346 0.000000 0.000002
 0.000011 0.000000 0.000209 0.007373 0.000000 0.000000 0.000000 0.000002 0.000478 0.000000 0.000000 0.217699 0.000480 0.324705 0.000226 0.000000 0.000000 0.000004 0.000000 0.000007 0.173217 0.000000 0.000000 0.000000 0.000000 0.000012 0.000000 0.000000 0.000000 0.000000 0.000000 0.014014 0.000021 0.000000 0.000000 0.000000 0.000000 0.000000 0.000000 0.000000 0.000000 0.000000 0.000000 0.000000 0.000000 0.000000 0.000000 0.000000 0.019448 0.000000 0.000000 0.000000 0.000000 0.000000 0.000000 0.000000 0.000000 0.000000 0.000000 0.000003 0.000000 0.000014 0.000112 0.000000 0.000000 0.000000 0.000060 0.000007 0.000012 0.000000 0.000014 0.000000 0.000000 0.000005 0.017818 0.000000 0.000000 0.000369 0.000000 0.000000 0.000000 0.217750 0.000000 0.000000 0.000001 0.005174 0.000613 0.000000 0.000000 0.000000 0.000000 0.000000 0.000000 0.000000 0.000000 0.000000 0.000140 0.000000 0.000000 0.000000
 0.000522 0.000000 0.000217 0.000423 0.000000 0.000000 0.000000 0.000064 0.000006 0.000000 0.000000 0.000259 0.067600 0.048139 0.116249 0.000000 0.000000 0.000114 0.000000 0.000001 0.123726 0.000000 0.000000 0.000000 0.000000 0.000001 0.000000 0.000000 0.000000 0.000000 0.000000 0.000057 0.000007 0.000000 0.000000 0.000000 0.000000 0.000000 0.000000 0.000000 0.000000 0.000000 0.000000 0.000000 0.000000 0.000000 0.000000 0.000000 0.074573 0.000000 0.000001 0.000000 0.000000 0.000000 0.000000 0.000000 0.000000 0.000000 0.000000 0.000121 0.000000 0.000892 0.165590 0.000000 0.000000 0.000000 0.187240 0.000090 0.009989 0.000000 0.000025 0.000000 0.000000 0.000002 0.012586 0.000000 0.000000 0.000019 0.000000 0.000000 0.000000 0.006817 0.000000 0.000000 0.003097 0.000006 0.011015 0.000000 0.000000 0.000036 0.000000 0.000000 0.000000 0.000000 0.000000 0.000000 0.170515 0.000000 0.000000 0.000000
 0.002397 0.000000 0.000000 0.000000 0.000000 0.000000 0.000000 0.000465 0.000000 0.000000 0.000000 0.001941 0.001223 0.275489 0.139059 0.000000 0.000000 0.031716 0.000000 0.000000 0.080711 0.000000 0.000000 0.000000 0.000000 0.000000 0.000000 0.000000 0.000000 0.000000 0.000000 0.000000 0.000000 0.000000 0.000000 0.000000 0.000000 0.000000 0.000000 0.000000 0.000000 0.000000 0.000000 0.000000 0.000000 0.000000 0.000000 0.000000 0.000067 0.000000 0.000006 0.000000 0.000000 0.000000 0.000000 0.000000 0.000000 0.000000 0.000000 0.000713 0.000000 0.390217 0.034294 0.000000 0.000000 0.000000 0.001664 0.000196 0.004390 0.000000 0.000127 0.000000 0.000000 0.000000 0.000005 0.000000 0.000000 0.000000 0.000000 0.000000 0.000000 0.000013 0.000008 0.000000 0.000749 0.022489 0.000602 0.000000 0.000000 0.000035 0.000000 0.000000 0.000000 0.000000 0.000000 0.000000 0.011424 0.000000 0.000000 0.000000
 0.000000 0.000083 0.000000 0.000000 0.000000 0.000000 0.000000 0.000000 0.000000 0.000000 0.000000 0.000000 0.000000 0.000000 0.000000 0.001046 0.000000 0.000000 0.000000 0.000000 0.000000 0.000000 0.002343 0.000000 0.000000 0.000000 0.000000 0.000000 0.000001 0.000000 0.261459 0.000000 0.000000 0.000000 0.000933 0.000000 0.000000 0.000000 0.000000 0.000000 0.000000 0.000000 0.000000 0.000144 0.000627 0.000000 0.000000 0.000000 0.000000 0.000000 0.000000 0.000017 0.000000 0.000000 0.000000 0.000000 0.000000 0.217651 0.001860 0.000000 0.000000 0.000000 0.000000 0.000000 0.000000 0.101735 0.000000 0.000000 0.000000 0.000000 0.000000 0.000000 0.000000 0.000000 0.000000 0.012606 0.000000 0.000000 0.000000 0.000000 0.000000 0.000000 0.000000 0.285925 0.000000 0.000000 0.000000 0.000001 0.112329 0.000000 0.000000 0.000000 0.000000 0.000442 0.000000 0.000000 0.000000 0.000796 0.000000 0.000002
 0.000000 0.264361 0.000000 0.000000 0.000000 0.000000 0.000000 0.000000 0.000000 0.000000 0.000000 0.000000 0.000000 0.000000 0.000000 0.000995 0.000000 0.000000 0.000000 0.000000 0.000000 0.000000 0.033549 0.000000 0.000000 0.000000 0.000000 0.000000 0.000005 0.000000 0.172653 0.000000 0.000000 0.000000 0.001583 0.000000 0.000000 0.000000 0.000000 0.000000 0.000000 0.000000 0.000000 0.000382 0.002469 0.000000 0.000000 0.000000 0.000000 0.000000 0.000000 0.000240 0.000000 0.000000 0.000000 0.000000 0.000000 0.208521 0.000427 0.000000 0.000000 0.000000 0.000000 0.000000 0.000000 0.003489 0.000000 0.000000 0.000000 0.000000 0.000000 0.000000 0.000000 0.000000 0.000000 0.000407 0.000000 0.000000 0.000000 0.000000 0.000000 0.000000 0.000000 0.208557 0.000000 0.000000 0.000000 0.102016 0.000173 0.000000 0.000000 0.000000 0.000000 0.000089 0.000000 0.000000 0.000000 0.000076 0.000000 0.000007
 0.000244 0.000000 0.000000 0.000000 0.002716 0.000000 0.000000 0.060440 0.000000 0.000000 0.000000 0.000000 0.012310 0.000000 0.001671 0.000000 0.000000 0.000060 0.000000 0.000000 0.000020 0.000445 0.000000 0.000000 0.000000 0.000000 0.000000 0.000000 0.000000 0.000546 0.000000 0.000000 0.000000 0.000000 0.000000 0.000163 0.000000 0.000000 0.000000 0.000000 0.000224 0.000000 0.000000 0.000000 0.000000 0.000000 0.000000 0.021908 0.000000 0.000000 0.255602 0.000000 0.000000 0.000000 0.000000 0.000000 0.000000 0.000000 0.000000 0.002138 0.000452 0.000018 0.000194 0.014991 0.110260 0.000000 0.000591 0.060768 0.168764 0.000000 0.004229 0.000000 0.000000 0.000000 0.000000 0.000000 0.000000 0.000000 0.000000 0.006041 0.024873 0.000000 0.130938 0.000000 0.000000 0.000050 0.000023 0.000000 0.000000 0.000008 0.119185 0.000000 0.000000 0.000000 0.000000 0.000000 0.000126 0.000000 0.000000 0.000000
 0.000000 0.000000 0.000000 0.000000 0.051601 0.000000 0.000000 0.001842 0.000000 0.000000 0.000000 0.000000 0.037544 0.000000 0.000000 0.000000 0.000000 0.000000 0.000000 0.000000 0.000000 0.003072 0.000000 0.000000 0.000000 0.000000 0.000000 0.000000 0.000000 0.002133 0.000000 0.000000 0.000000 0.000000 0.000000 0.052399 0.000000 0.000000 0.000000 0.000000 0.000586 0.000000 0.000000 0.000000 0.000000 0.000000 0.000000 0.008510 0.000000 0.000000 0.025484 0.000000 0.000000 0.000000 0.000000 0.000000 0.000000 0.000000 0.000000 0.000133 0.017779 0.000000 0.000000 0.246740 0.112375 0.000000 0.004676 0.001586 0.090074 0.000000 0.000097 0.000000 0.000000 0.000000 0.000000 0.000000 0.000000 0.000000 0.000000 0.019761 0.153399 0.000000 0.004218 0.000000 0.000000 0.000000 0.000000 0.000000 0.000000 0.165941 0.000050 0.000000 0.000000 0.000000 0.000000 0.000000 0.000000 0.000000 0.000000 0.000000
 0.000000 0.000000 0.003839 0.000000 0.000000 0.004756 0.000000 0.000000 0.002943 0.138105 0.000000 0.000000 0.000000 0.000000 0.000000 0.000140 0.004338 0.000000 0.000181 0.018670 0.000000 0.000000 0.000000 0.000000 0.000000 0.000435 0.324497 0.004574 0.000000 0.000000 0.000000 0.000000 0.124300 0.000000 0.000000 0.000006 0.003113 0.000331 0.000000 0.000000 0.000000 0.000000 0.000000 0.000000 0.000000 0.025500 0.000080 0.000000 0.000000 0.054648 0.000000 0.000000 0.000227 0.002722 0.000000 0.094536 0.000013 0.000000 0.000891 0.000000 0.000000 0.000000 0.000000 0.000087 0.000000 0.000000 0.000000 0.000000 0.000000 0.000101 0.000000 0.000038 0.055630 0.010353 0.000000 0.000011 0.103184 0.009455 0.009630 0.000000 0.000000 0.000000 0.000000 0.000000 0.000000 0.000000 0.000000 0.000000 0.000000 0.000000 0.000000 0.000014 0.000005 0.000078 0.002112 0.000000 0.000000 0.000008 0.000449 0.000000
 0.000000 0.000000 0.000000 0.000000 0.000000 0.000057 0.000000 0.000000 0.000000 0.000095 0.000000 0.000000 0.000000 0.000000 0.000000 0.000000 0.000000 0.000000 0.004621 0.000000 0.000000 0.000000 0.000000 0.000000 0.000000 0.000000 0.000315 0.175313 0.000000 0.000000 0.000000 0.000000 0.000000 0.000000 0.000000 0.000000 0.028411 0.000000 0.000000 0.000000 0.000000 0.000000 0.000000 0.000000 0.000000 0.000096 0.000000 0.000000 0.000000 0.000065 0.000000 0.000000 0.000000 0.000044 0.000000 0.002414 0.000000 0.034359 0.201811 0.000000 0.000000 0.000000 0.000000 0.000000 0.000000 0.000016 0.000000 0.000000 0.000000 0.000000 0.000000 0.000000 0.000033 0.000000 0.000000 0.062645 0.333098 0.000000 0.000033 0.000000 0.000000 0.000000 0.000000 0.000000 0.000000 0.000000 0.000000 0.000000 0.000000 0.000000 0.000000 0.000015 0.000046 0.000123 0.156380 0.000000 0.000000 0.000008 0.000000 0.000000
 0.000000 0.000003 0.000325 0.000000 0.000000 0.142870 0.000000 0.000000 0.000000 0.000169 0.000001 0.000000 0.000000 0.000000 0.000000 0.179304 0.000000 0.000000 0.000024 0.000000 0.000000 0.000000 0.000063 0.000000 0.000000 0.000000 0.000108 0.000047 0.000000 0.000000 0.002596 0.000000 0.000015 0.000000 0.000021 0.000031 0.000011 0.000000 0.000000 0.000000 0.000000 0.000000 0.000000 0.000047 0.003346 0.000015 0.070065 0.000000 0.000000 0.000014 0.000000 0.001180 0.033142 0.000005 0.000000 0.000203 0.002883 0.000821 0.114098 0.000000 0.000000 0.000000 0.000000 0.000166 0.000000 0.025158 0.000000 0.000000 0.000000 0.000000 0.000000 0.000000 0.000004 0.000000 0.000000 0.034412 0.006758 0.000000 0.022732 0.000000 0.000000 0.000000 0.000000 0.000096 0.000000 0.000000 0.000000 0.000163 0.000036 0.000000 0.000000 0.000060 0.000031 0.000045 0.043195 0.000001 0.000000 0.311146 0.004586 0.000002
 0.000000 0.000000 0.000091 0.000000 0.000000 0.072960 0.000000 0.000000 0.000000 0.000095 0.000000 0.000000 0.000000 0.000000 0.000000 0.000579 0.000000 0.000000 0.001161 0.000000 0.000000 0.000000 0.000000 0.000000 0.000000 0.000000 0.002292 0.035769 0.000000 0.000000 0.000000 0.000000 0.000007 0.000000 0.000000 0.000003 0.003409 0.000000 0.000000 0.000000 0.000000 0.000000 0.000000 0.000000 0.000000 0.000096 0.000621 0.000000 0.000000 0.000059 0.000000 0.000000 0.002388 0.000005 0.000000 0.002657 0.000011 0.024865 0.334412 0.000000 0.000000 0.000000 0.000000 0.000010 0.000000 0.000317 0.000000 0.000000 0.000000 0.000000 0.000000 0.000000 0.000022 0.000000 0.000000 0.043855 0.267681 0.000000 0.005647 0.000000 0.000000 0.000000 0.000000 0.000000 0.000000 0.000000 0.000000 0.000000 0.000000 0.000000 0.000000 0.002589 0.063258 0.068965 0.000002 0.000000 0.000000 0.065152 0.001023 0.000000
 0.000000 0.000000 0.000000 0.000000 0.000169 0.000000 0.000756 0.000000 0.000000 0.000000 0.008737 0.000000 0.000000 0.000000 0.000000 0.000022 0.000000 0.000000 0.000000 0.000000 0.000000 0.000045 0.000000 0.000067 0.000832 0.000000 0.000000 0.000000 0.073128 0.000053 0.000013 0.000000 0.000000 0.052928 0.022730 0.000038 0.000000 0.000000 0.448111 0.009020 0.000019 0.000139 0.000182 0.000095 0.000108 0.000000 0.000008 0.000008 0.000000 0.000000 0.000000 0.005591 0.000000 0.000000 0.331026 0.000000 0.000016 0.000000 0.000000 0.000000 0.000237 0.000000 0.000000 0.000000 0.000000 0.000000 0.000000 0.000000 0.000000 0.000000 0.000000 0.000000 0.000000 0.000000 0.000000 0.000000 0.000000 0.000000 0.000000 0.000003 0.000019 0.000000 0.000000 0.000000 0.000000 0.000000 0.000000 0.000000 0.000000 0.000000 0.000000 0.000000 0.000000 0.000003 0.000000 0.000005 0.000000 0.000001 0.000000 0.045892
 0.000621 0.000000 0.000000 0.000000 0.000000 0.000000 0.000000 0.000225 0.000000 0.000000 0.000000 0.000002 0.095136 0.000723 0.166056 0.000000 0.000000 0.000121 0.000000 0.000000 0.031438 0.000000 0.000000 0.000000 0.000000 0.000000 0.000000 0.000000 0.000000 0.000000 0.000000 0.000000 0.000000 0.000000 0.000000 0.000000 0.000000 0.000000 0.000000 0.000000 0.000000 0.000000 0.000000 0.000000 0.000000 0.000000 0.000000 0.000000 0.006602 0.000000 0.000002 0.000000 0.000000 0.000000 0.000000 0.000000 0.000000 0.000000 0.000000 0.000186 0.000000 0.000660 0.251201 0.000000 0.000000 0.000000 0.174985 0.000063 0.014666 0.000000 0.000022 0.000000 0.000000 0.000000 0.000007 0.000000 0.000000 0.000000 0.000000 0.000000 0.000000 0.000004 0.000001 0.000000 0.000122 0.248855 0.008166 0.000000 0.000000 0.000135 0.000000 0.000000 0.000000 0.000000 0.000000 0.000000 0.000000 0.000000 0.000000 0.000000
 0.000000 0.000000 0.000125 0.000000 0.000000 0.001795 0.000000 0.000000 0.000000 0.000005 0.000000 0.000000 0.000000 0.000000 0.000000 0.178637 0.000000 0.000000 0.000003 0.000000 0.000000 0.000000 0.000011 0.000000 0.000000 0.000000 0.000010 0.000002 0.000000 0.000000 0.044801 0.000000 0.000002 0.000000 0.000049 0.000002 0.000002 0.000000 0.000000 0.000000 0.000000 0.000000 0.000000 0.000015 0.000468 0.000001 0.000579 0.000000 0.000000 0.000001 0.000000 0.000084 0.000545 0.000000 0.000000 0.000012 0.000025 0.002493 0.156610 0.000000 0.000000 0.000000 0.000000 0.000012 0.000000 0.188067 0.000000 0.000000 0.000000 0.000000 0.000000 0.000000 0.000001 0.000000 0.000000 0.002739 0.002333 0.000000 0.000279 0.000000 0.000000 0.000000 0.000000 0.000135 0.000000 0.000000 0.000000 0.000349 0.000037 0.000000 0.000000 0.000007 0.000002 0.370972 0.048654 0.000000 0.000000 0.000005 0.000130 0.000001
 0.000000 0.000000 0.092489 0.000000 0.000000 0.087068 0.000000 0.000000 0.000000 0.008304 0.000000 0.000000 0.000000 0.000000 0.000000 0.003651 0.000000 0.000000 0.000000 0.000000 0.000000 0.000000 0.000000 0.000000 0.000000 0.000000 0.003199 0.000000 0.000000 0.000000 0.000000 0.000000 0.000703 0.000000 0.000000 0.000598 0.000000 0.000000 0.000000 0.000000 0.000000 0.000000 0.000000 0.000000 0.000000 0.000000 0.238062 0.000000 0.000000 0.000000 0.000000 0.000000 0.266287 0.000000 0.000000 0.000000 0.001898 0.000000 0.000648 0.000000 0.000000 0.000000 0.000000 0.080106 0.000000 0.000000 0.000000 0.000000 0.000000 0.000000 0.000000 0.000000 0.000000 0.000000 0.000000 0.000000 0.001499 0.000000 0.196179 0.000000 0.000000 0.000000 0.000000 0.000000 0.000000 0.000000 0.000000 0.000000 0.000000 0.000000 0.000000 0.001172 0.000000 0.015588 0.002179 0.000000 0.000000 0.000369 0.000001 0.000000
 0.000000 0.000000 0.000000 0.000000 0.000090 0.000000 0.000000 0.000000 0.000000 0.000000 0.003054 0.000000 0.000000 0.000000 0.000000 0.000554 0.000000 0.000000 0.000000 0.000000 0.000000 0.000000 0.000005 0.000000 0.000000 0.000000 0.000000 0.000000 0.285064 0.000000 0.000733 0.000000 0.000000 0.001277 0.037663 0.000153 0.000000 0.000000 0.039384 0.000000 0.000000 0.000000 0.000000 0.313088 0.031288 0.000000 0.000008 0.000000 0.000000 0.000000 0.000000 0.253694 0.000000 0.000000 0.000000 0.000000 0.000082 0.000002 0.000001 0.000000 0.000042 0.000000 0.000000 0.000000 0.000000 0.000002 0.000000 0.000000 0.000000 0.000000 0.000000 0.000000 0.000000 0.000000 0.000000 0.000000 0.000000 0.000000 0.000000 0.000000 0.000000 0.000000 0.000000 0.000001 0.000000 0.000000 0.000000 0.000002 0.000007 0.000000 0.000000 0.000000 0.000000 0.000006 0.000000 0.033791 0.000000 0.000003 0.000000 0.000008
