the mean of prob-rank is 24.0
the number of false negative edges is 100
the number of probability greater than 0 is 30.32/edge
TYPE: Probability
DIMENSION: 100
 0.000005 0.000000 0.000000 0.000000 0.000000 0.000000 0.000000 0.141744 0.000000 0.000000 0.000000 0.000000 0.001870 0.000034 0.080065 0.000000 0.000000 0.189494 0.000000 0.000000 0.000021 0.000000 0.000000 0.000000 0.000000 0.000000 0.000000 0.000000 0.000000 0.000001 0.000000 0.000000 0.000000 0.000000 0.000000 0.000000 0.000000 0.000000 0.000000 0.000000 0.000000 0.000000 0.000000 0.000000 0.000000 0.000000 0.000000 0.000003 0.000010 0.000000 0.000011 0.000000 0.000000 0.000000 0.000000 0.000000 0.000000 0.000000 0.000000 0.347982 0.000000 0.032512 0.000755 0.000206 0.000008 0.000000 0.000561 0.001151 0.069688 0.000000 0.130984 0.000000 0.000000 0.000000 0.000000 0.000000 0.000000 0.000000 0.000000 0.000000 0.000005 0.000000 0.000006 0.000000 0.000005 0.000597 0.001508 0.000000 0.000000 0.000302 0.000013 0.000000 0.000000 0.000000 0.000000 0.000000 0.000460 0.000000 0.000000 0.000000
 0.000000 0.000009 0.000000 0.000000 0.000000 0.000000 0.000000 0.000000 0.000000 0.000000 0.000117 0.000000 0.000000 0.000000 0.000000 0.000833 0.000000 0.000000 0.000000 0.000000 0.000000 0.000000 0.438407 0.000000 0.000000 0.000000 0.000000 0.000009 0.000553 0.000000 0.023373 0.000000 0.000000 0.000000 0.065093 0.000000 0.000023 0.000000 0.000030 0.000000 0.000000 0.000000 0.000000 0.007307 0.008739 0.000000 0.000000 0.000000 0.000000 0.000000 0.000000 0.000794 0.000000 0.000000 0.000068 0.000000 0.000161 0.000077 0.000014 0.000000 0.000000 0.000000 0.000000 0.000000 0.000000 0.001097 0.000000 0.000000 0.000000 0.000000 0.000000 0.000000 0.000000 0.000000 0.000000 0.000029 0.000004 0.000000 0.000000 0.000000 0.000000 0.000000 0.000000 0.091068 0.000000 0.000000 0.000000 0.035478 0.325841 0.000000 0.000000 0.000000 0.000024 0.000053 0.000011 0.000024 0.000000 0.000168 0.000000 0.000596
 0.000000 0.000000 0.001622 0.001607 0.000003 0.022566 0.000000 0.000000 0.000000 0.150588 0.000006 0.000000 0.108189 0.000000 0.000000 0.000000 0.000000 0.000000 0.000000 0.001860 0.000070 0.000000 0.000000 0.000000 0.000000 0.001642 0.001057 0.000038 0.000000 0.000000 0.000000 0.000493 0.185133 0.000000 0.000000 0.000008 0.000011 0.000000 0.000000 0.000000 0.000000 0.000000 0.000000 0.000000 0.000000 0.000000 0.074945 0.000000 0.082362 0.000000 0.000000 0.000000 0.033481 0.000000 0.000000 0.000011 0.017056 0.000000 0.000008 0.000000 0.000000 0.000000 0.000000 0.015572 0.000000 0.000000 0.000065 0.000000 0.000005 0.000000 0.000000 0.000000 0.000000 0.000544 0.001823 0.000000 0.000005 0.009404 0.081225 0.000001 0.000001 0.000335 0.000000 0.000000 0.000000 0.000000 0.000000 0.000000 0.000000 0.000002 0.000245 0.000322 0.000000 0.000048 0.000020 0.000000 0.000144 0.000054 0.207428 0.000000
 0.000000 0.000000 0.001689 0.000005 0.000000 0.000001 0.000000 0.000000 0.003567 0.000005 0.000000 0.003671 0.003216 0.001150 0.000009 0.000000 0.000000 0.000000 0.000000 0.000350 0.030424 0.000000 0.000000 0.000000 0.000000 0.002878 0.000000 0.000000 0.000000 0.000000 0.000000 0.363534 0.000008 0.000000 0.000000 0.000000 0.000000 0.000000 0.000000 0.000000 0.000000 0.000000 0.000000 0.000000 0.000000 0.000000 0.000081 0.000000 0.021735 0.000000 0.000000 0.000000 0.000000 0.000000 0.000000 0.000000 0.000000 0.000000 0.000000 0.000000 0.000000 0.000005 0.000020 0.000000 0.000000 0.000000 0.000145 0.000000 0.000000 0.000000 0.000000 0.000000 0.000000 0.000020 0.163726 0.000000 0.000000 0.142404 0.000007 0.000000 0.000000 0.245240 0.000000 0.000000 0.014553 0.000382 0.001125 0.000000 0.000000 0.000000 0.000000 0.000000 0.000000 0.000000 0.000000 0.000000 0.000031 0.000000 0.000019 0.000000
 0.000000 0.000000 0.000003 0.000000 0.000023 0.000000 0.003284 0.000000 0.000000 0.000000 0.220746 0.000000 0.000019 0.000000 0.000000 0.000000 0.000000 0.000000 0.000000 0.000000 0.000000 0.089466 0.000000 0.000808 0.000068 0.000000 0.000000 0.000000 0.000000 0.050216 0.000000 0.000000 0.000000 0.047726 0.000000 0.003030 0.000000 0.000000 0.004711 0.000455 0.014929 0.000381 0.000077 0.000000 0.000000 0.000000 0.000004 0.000306 0.000002 0.000000 0.000000 0.003096 0.000001 0.000000 0.000048 0.000000 0.000004 0.000000 0.000000 0.000000 0.248611 0.000000 0.000000 0.004213 0.000063 0.000000 0.000001 0.000000 0.000001 0.000000 0.000000 0.000000 0.000000 0.000000 0.000000 0.000000 0.000000 0.000000 0.000000 0.005141 0.295831 0.000000 0.000000 0.000000 0.000000 0.000000 0.000000 0.000000 0.000000 0.000002 0.006700 0.000000 0.000000 0.000000 0.000000 0.000033 0.000001 0.000000 0.000001 0.000000
 0.000000 0.000000 0.029161 0.000001 0.000000 0.000016 0.000000 0.000000 0.000000 0.033367 0.000000 0.000000 0.000005 0.000000 0.000000 0.000000 0.000000 0.000000 0.000000 0.000003 0.000000 0.000000 0.000000 0.000000 0.000000 0.000003 0.008852 0.000733 0.000000 0.000000 0.000000 0.000000 0.000725 0.000000 0.000000 0.000000 0.000084 0.000000 0.000000 0.000000 0.000000 0.000000 0.000000 0.000000 0.000000 0.000000 0.043561 0.000000 0.000001 0.000000 0.000000 0.000000 0.309700 0.000000 0.000000 0.000120 0.010565 0.000000 0.001407 0.000000 0.000000 0.000000 0.000000 0.000000 0.000000 0.000000 0.000000 0.000000 0.000000 0.000000 0.000000 0.000000 0.000000 0.000002 0.000002 0.000000 0.000513 0.000004 0.306331 0.000000 0.000000 0.000002 0.000000 0.000000 0.000000 0.000000 0.000000 0.000000 0.000000 0.000000 0.000000 0.000180 0.000000 0.078577 0.022078 0.000000 0.000000 0.021609 0.132397 0.000000
 0.000000 0.000000 0.000000 0.000000 0.003206 0.000000 0.000002 0.000000 0.000000 0.000000 0.002299 0.000000 0.000000 0.000000 0.000000 0.000000 0.000000 0.000000 0.000000 0.000000 0.000000 0.020087 0.000000 0.076309 0.002086 0.000000 0.000000 0.000000 0.000000 0.014168 0.000000 0.000000 0.000000 0.317570 0.000000 0.000006 0.000000 0.000000 0.065787 0.198298 0.069051 0.200877 0.016371 0.000000 0.000001 0.000000 0.000000 0.000046 0.000000 0.000000 0.000000 0.000093 0.000000 0.000000 0.003743 0.000000 0.000000 0.000000 0.000000 0.000000 0.008345 0.000000 0.000000 0.000002 0.000001 0.000000 0.000000 0.000000 0.000000 0.000000 0.000000 0.000000 0.000000 0.000000 0.000000 0.000000 0.000000 0.000000 0.000000 0.000021 0.001133 0.000000 0.000000 0.000000 0.000000 0.000000 0.000000 0.000000 0.000000 0.000000 0.000003 0.000000 0.000000 0.000000 0.000000 0.000494 0.000000 0.000000 0.000000 0.000002
 0.117357 0.000000 0.000000 0.000000 0.000000 0.000000 0.000000 0.000005 0.000000 0.000000 0.000000 0.000000 0.002712 0.000008 0.018924 0.000000 0.000000 0.013156 0.000000 0.000000 0.000031 0.000000 0.000000 0.000000 0.000000 0.000000 0.000000 0.000000 0.000000 0.000005 0.000000 0.000000 0.000000 0.000000 0.000000 0.000000 0.000000 0.000000 0.000000 0.000000 0.000000 0.000000 0.000000 0.000000 0.000000 0.000000 0.000000 0.000064 0.000002 0.000000 0.000993 0.000000 0.000000 0.000000 0.000000 0.000000 0.000000 0.000000 0.000000 0.253656 0.000000 0.000801 0.000330 0.003583 0.000382 0.000000 0.003004 0.078248 0.274336 0.000000 0.177566 0.000000 0.000000 0.000000 0.000000 0.000000 0.000000 0.000000 0.000000 0.000005 0.000043 0.000000 0.000537 0.000000 0.000001 0.000063 0.000234 0.000000 0.000000 0.053196 0.000593 0.000000 0.000000 0.000000 0.000000 0.000000 0.000165 0.000000 0.000000 0.000000
 0.000000 0.000000 0.000000 0.002396 0.000000 0.000000 0.000000 0.000000 0.000026 0.000000 0.000000 0.067366 0.000326 0.001506 0.000053 0.000000 0.168649 0.000000 0.000009 0.032470 0.001287 0.000000 0.000000 0.000000 0.000000 0.316005 0.003117 0.000214 0.000000 0.000000 0.000000 0.086548 0.000000 0.000000 0.000000 0.000000 0.000039 0.000254 0.000000 0.000000 0.000000 0.000000 0.000000 0.000000 0.000000 0.000091 0.000000 0.000000 0.000262 0.000072 0.000000 0.000000 0.000000 0.000038 0.000000 0.000194 0.000000 0.000000 0.000000 0.000000 0.000000 0.000120 0.000013 0.000000 0.000000 0.000000 0.000035 0.000000 0.000000 0.002703 0.000000 0.011460 0.000209 0.100268 0.000825 0.000000 0.000000 0.174231 0.000000 0.000000 0.000000 0.013071 0.000000 0.000000 0.009975 0.000078 0.000565 0.000000 0.000000 0.000000 0.000000 0.005513 0.000000 0.000000 0.000000 0.000000 0.000015 0.000000 0.000000 0.000000
 0.000000 0.000000 0.160052 0.000005 0.000000 0.027444 0.000000 0.000000 0.000000 0.000039 0.000000 0.000000 0.000128 0.000000 0.000000 0.000000 0.001428 0.000000 0.000006 0.001714 0.000001 0.000000 0.000000 0.000000 0.000000 0.000841 0.229587 0.010023 0.000000 0.000000 0.000000 0.000001 0.377035 0.000000 0.000000 0.000000 0.000064 0.000003 0.000000 0.000000 0.000000 0.000000 0.000000 0.000000 0.000000 0.000166 0.000163 0.000000 0.000008 0.000230 0.000000 0.000000 0.002252 0.000017 0.000000 0.000625 0.000110 0.000000 0.000014 0.000000 0.000000 0.000000 0.000000 0.000000 0.000000 0.000000 0.000000 0.000000 0.000000 0.000000 0.000000 0.000010 0.000870 0.001026 0.000009 0.000000 0.000008 0.002508 0.124181 0.000000 0.000000 0.000002 0.000000 0.000000 0.000000 0.000000 0.000000 0.000000 0.000000 0.000000 0.000000 0.056797 0.000000 0.000087 0.000114 0.000000 0.000000 0.000105 0.002328 0.000000
 0.000000 0.000051 0.000003 0.000000 0.149277 0.000000 0.001593 0.000000 0.000000 0.000000 0.000392 0.000000 0.000013 0.000000 0.000000 0.001231 0.000000 0.000000 0.000000 0.000000 0.000000 0.002182 0.000033 0.000166 0.000048 0.000000 0.000000 0.000000 0.000247 0.001394 0.000014 0.000000 0.000000 0.051289 0.000081 0.141347 0.000000 0.000000 0.113376 0.000797 0.000578 0.000123 0.000025 0.000659 0.002249 0.000000 0.000064 0.000077 0.000001 0.000000 0.000000 0.150441 0.000018 0.000000 0.040190 0.000000 0.042371 0.000000 0.000000 0.000000 0.212559 0.000000 0.000000 0.016192 0.000013 0.000002 0.000001 0.000000 0.000005 0.000000 0.000000 0.000000 0.000000 0.000000 0.000000 0.000004 0.000000 0.000000 0.000000 0.000401 0.040671 0.000000 0.000000 0.000004 0.000000 0.000000 0.000000 0.000002 0.000000 0.000002 0.010249 0.000000 0.000000 0.000003 0.000000 0.003931 0.000001 0.000010 0.000005 0.015614
 0.000000 0.000000 0.000000 0.006786 0.000000 0.000000 0.000000 0.000000 0.185418 0.000000 0.000000 0.000004 0.001124 0.302387 0.000080 0.000000 0.000000 0.000000 0.000000 0.000109 0.003476 0.000000 0.000000 0.000000 0.000000 0.000497 0.000000 0.000000 0.000000 0.000000 0.000000 0.052400 0.000000 0.000000 0.000000 0.000000 0.000000 0.000000 0.000000 0.000000 0.000000 0.000000 0.000000 0.000000 0.000000 0.000000 0.000000 0.000000 0.000733 0.000000 0.000000 0.000000 0.000000 0.000000 0.000000 0.000000 0.000000 0.000000 0.000000 0.000000 0.000000 0.000169 0.000065 0.000000 0.000000 0.000000 0.000452 0.000000 0.000000 0.000000 0.000000 0.000000 0.000000 0.000000 0.002109 0.000000 0.000000 0.002187 0.000000 0.000000 0.000000 0.054800 0.000000 0.000000 0.362074 0.000866 0.024153 0.000000 0.000000 0.000000 0.000000 0.000000 0.000000 0.000000 0.000000 0.000000 0.000112 0.000000 0.000000 0.000000
 0.000967 0.000000 0.058818 0.001664 0.000013 0.000002 0.000000 0.001694 0.000251 0.000066 0.000014 0.000315 0.000212 0.000453 0.024297 0.000000 0.000000 0.000612 0.000000 0.000014 0.097104 0.000000 0.000000 0.000000 0.000000 0.000058 0.000000 0.000000 0.000000 0.000001 0.000000 0.001224 0.000072 0.000000 0.000000 0.000020 0.000000 0.000000 0.000000 0.000000 0.000000 0.000000 0.000000 0.000000 0.000000 0.000000 0.013003 0.000002 0.228736 0.000000 0.000066 0.000000 0.000040 0.000000 0.000000 0.000000 0.000004 0.000000 0.000000 0.000702 0.000000 0.000397 0.024161 0.060099 0.000024 0.000000 0.278757 0.000149 0.042975 0.000000 0.000212 0.000000 0.000000 0.000014 0.010481 0.000000 0.000000 0.000429 0.000017 0.000003 0.000013 0.002606 0.000014 0.000000 0.000327 0.062019 0.002726 0.000000 0.000000 0.005083 0.003390 0.000000 0.000000 0.000000 0.000000 0.000000 0.074870 0.000000 0.000811 0.000000
 0.000042 0.000000 0.000000 0.001430 0.000000 0.000000 0.000000 0.000012 0.002788 0.000000 0.000000 0.203438 0.001090 0.000006 0.000750 0.000000 0.000000 0.000028 0.000000 0.000038 0.011819 0.000000 0.000000 0.000000 0.000000 0.000028 0.000000 0.000000 0.000000 0.000000 0.000000 0.003721 0.000000 0.000000 0.000000 0.000000 0.000000 0.000000 0.000000 0.000000 0.000000 0.000000 0.000000 0.000000 0.000000 0.000000 0.000000 0.000000 0.000994 0.000000 0.000000 0.000000 0.000000 0.000000 0.000000 0.000000 0.000000 0.000000 0.000000 0.000016 0.000000 0.001495 0.000565 0.000000 0.000000 0.000000 0.000637 0.000027 0.000067 0.000000 0.000013 0.000000 0.000000 0.000000 0.001394 0.000000 0.000000 0.000588 0.000000 0.000000 0.000000 0.035050 0.000000 0.000000 0.332830 0.007468 0.392935 0.000000 0.000000 0.000000 0.000000 0.000000 0.000000 0.000000 0.000000 0.000000 0.000730 0.000000 0.000000 0.000000
 0.039992 0.000000 0.000000 0.000004 0.000000 0.000000 0.000000 0.011417 0.000039 0.000000 0.000000 0.000022 0.023464 0.000301 0.000007 0.000000 0.000000 0.025453 0.000000 0.000001 0.010679 0.000000 0.000000 0.000000 0.000000 0.000003 0.000000 0.000000 0.000000 0.000001 0.000000 0.000012 0.000000 0.000000 0.000000 0.000000 0.000000 0.000000 0.000000 0.000000 0.000000 0.000000 0.000000 0.000000 0.000000 0.000000 0.000000 0.000001 0.000450 0.000000 0.000010 0.000000 0.000000 0.000000 0.000000 0.000000 0.000000 0.000000 0.000000 0.011126 0.000000 0.063792 0.184562 0.000588 0.000010 0.000000 0.136138 0.000216 0.125732 0.000000 0.000227 0.000000 0.000000 0.000000 0.000027 0.000000 0.000000 0.000007 0.000000 0.000000 0.000001 0.000058 0.000006 0.000000 0.000112 0.105782 0.141309 0.000000 0.000000 0.000737 0.000008 0.000000 0.000000 0.000000 0.000000 0.000000 0.117704 0.000000 0.000000 0.000000
 0.000000 0.000429 0.000000 0.000000 0.000000 0.000000 0.000000 0.000000 0.000000 0.000000 0.001461 0.000000 0.000000 0.000000 0.000000 0.000043 0.000000 0.000000 0.000000 0.000000 0.000000 0.000000 0.025835 0.000000 0.000000 0.000000 0.000000 0.000013 0.000238 0.000000 0.158709 0.000000 0.000000 0.000000 0.000506 0.000348 0.000052 0.000000 0.000016 0.000000 0.000000 0.000000 0.000000 0.004978 0.313445 0.000000 0.020844 0.000000 0.000000 0.000000 0.000000 0.059673 0.000000 0.000000 0.000011 0.000000 0.084148 0.000045 0.000098 0.000000 0.000000 0.000000 0.000000 0.000000 0.000000 0.038457 0.000000 0.000000 0.000000 0.000000 0.000000 0.000000 0.000000 0.000000 0.000000 0.006170 0.000006 0.000000 0.000000 0.000000 0.000000 0.000000 0.000000 0.006894 0.000000 0.000000 0.000000 0.005023 0.000113 0.000000 0.000000 0.000000 0.000040 0.131265 0.000065 0.000010 0.000000 0.140138 0.000000 0.000924
 0.000000 0.000000 0.000000 0.000000 0.000000 0.000000 0.000000 0.000000 0.207322 0.001166 0.000000 0.000000 0.000000 0.000000 0.000000 0.000000 0.000046 0.000000 0.000048 0.033362 0.000000 0.000000 0.000000 0.000000 0.000000 0.134122 0.014320 0.000666 0.000000 0.000000 0.000000 0.000000 0.000010 0.000000 0.000000 0.000000 0.000014 0.014648 0.000000 0.000000 0.000000 0.000000 0.000000 0.000000 0.000000 0.002861 0.000000 0.000000 0.000000 0.004320 0.000000 0.000000 0.000000 0.001418 0.000000 0.001345 0.000000 0.000000 0.000000 0.000000 0.000000 0.000000 0.000000 0.000000 0.000000 0.000000 0.000000 0.000000 0.000000 0.022503 0.000000 0.305390 0.072351 0.130492 0.000000 0.000000 0.000000 0.005573 0.000000 0.000000 0.000000 0.000000 0.000000 0.000000 0.000000 0.000000 0.000000 0.000000 0.000000 0.000000 0.000000 0.048023 0.000000 0.000000 0.000000 0.000000 0.000000 0.000000 0.000000 0.000000
 0.285938 0.000000 0.000000 0.000000 0.000000 0.000000 0.000000 0.023978 0.000000 0.000000 0.000000 0.000000 0.001785 0.000034 0.076892 0.000000 0.000000 0.000148 0.000000 0.000000 0.000042 0.000000 0.000000 0.000000 0.000000 0.000000 0.000000 0.000000 0.000000 0.000002 0.000000 0.000000 0.000000 0.000000 0.000000 0.000000 0.000000 0.000000 0.000000 0.000000 0.000000 0.000000 0.000000 0.000000 0.000000 0.000000 0.000000 0.000004 0.000016 0.000000 0.000008 0.000000 0.000000 0.000000 0.000000 0.000000 0.000000 0.000000 0.000000 0.080214 0.000000 0.244231 0.000149 0.000273 0.000016 0.000000 0.001038 0.000339 0.012064 0.000000 0.217849 0.000000 0.000000 0.000000 0.000000 0.000000 0.000000 0.000000 0.000000 0.000001 0.000009 0.000000 0.000009 0.000000 0.000003 0.000123 0.054543 0.000000 0.000000 0.000149 0.000017 0.000000 0.000000 0.000000 0.000000 0.000000 0.000129 0.000000 0.000000 0.000000
 0.000000 0.000000 0.000000 0.000000 0.000000 0.000000 0.000000 0.000000 0.000012 0.000005 0.000000 0.000000 0.000000 0.000000 0.000000 0.000000 0.000053 0.000000 0.000016 0.000028 0.000000 0.000000 0.000000 0.000000 0.000000 0.000005 0.000456 0.076162 0.000000 0.000000 0.000000 0.000000 0.000001 0.000000 0.000000 0.000000 0.303693 0.000730 0.000000 0.000000 0.000000 0.000000 0.000000 0.000000 0.000000 0.106830 0.000000 0.000000 0.000000 0.053580 0.000000 0.000000 0.000000 0.258667 0.000000 0.142198 0.000000 0.000000 0.000000 0.000000 0.000000 0.000000 0.000000 0.000000 0.000000 0.000000 0.000000 0.000000 0.000000 0.000111 0.000000 0.000008 0.056773 0.000022 0.000000 0.000000 0.000000 0.000012 0.000000 0.000000 0.000000 0.000000 0.000000 0.000000 0.000000 0.000000 0.000000 0.000000 0.000000 0.000000 0.000000 0.000640 0.000000 0.000000 0.000000 0.000000 0.000000 0.000000 0.000000 0.000000
 0.000000 0.000000 0.001282 0.000229 0.000000 0.000002 0.000000 0.000000 0.031696 0.001111 0.000000 0.000039 0.000018 0.000020 0.000001 0.000000 0.026492 0.000000 0.000020 0.000000 0.000009 0.000000 0.000000 0.000000 0.000000 0.167662 0.048836 0.000338 0.000000 0.000000 0.000000 0.001658 0.040278 0.000000 0.000000 0.000000 0.000027 0.000274 0.000000 0.000000 0.000000 0.000000 0.000000 0.000000 0.000000 0.000981 0.000063 0.000000 0.000015 0.000784 0.000000 0.000000 0.000000 0.000404 0.000000 0.001105 0.000000 0.000000 0.000000 0.000000 0.000000 0.000000 0.000000 0.000000 0.000000 0.000000 0.000001 0.000000 0.000000 0.000265 0.000000 0.000230 0.001947 0.285670 0.000014 0.000000 0.000000 0.336737 0.000015 0.000000 0.000000 0.000051 0.000000 0.000000 0.000042 0.000001 0.000012 0.000000 0.000000 0.000000 0.000000 0.051651 0.000000 0.000000 0.000000 0.000000 0.000000 0.000000 0.000018 0.000000
 0.000011 0.000000 0.000040 0.016677 0.000000 0.000000 0.000000 0.000020 0.001050 0.000000 0.000000 0.001031 0.102900 0.005210 0.011718 0.000000 0.000000 0.000015 0.000000 0.000008 0.000005 0.000000 0.000000 0.000000 0.000000 0.000024 0.000000 0.000000 0.000000 0.000000 0.000000 0.005122 0.000000 0.000000 0.000000 0.000000 0.000000 0.000000 0.000000 0.000000 0.000000 0.000000 0.000000 0.000000 0.000000 0.000000 0.000004 0.000000 0.231195 0.000000 0.000001 0.000000 0.000000 0.000000 0.000000 0.000000 0.000000 0.000000 0.000000 0.000008 0.000000 0.000264 0.018609 0.000000 0.000000 0.000000 0.033090 0.000009 0.000036 0.000000 0.000046 0.000000 0.000000 0.000000 0.176332 0.000000 0.000000 0.000717 0.000000 0.000000 0.000000 0.152992 0.000000 0.000000 0.065244 0.087633 0.065146 0.000000 0.000000 0.000013 0.000000 0.000000 0.000000 0.000000 0.000000 0.000000 0.024827 0.000000 0.000001 0.000000
 0.000000 0.000000 0.000000 0.000000 0.104036 0.000000 0.023927 0.000000 0.000000 0.000000 0.003753 0.000000 0.000000 0.000000 0.000000 0.000000 0.000000 0.000000 0.000000 0.000000 0.000000 0.000003 0.000000 0.007345 0.000116 0.000000 0.000000 0.000000 0.000000 0.291716 0.000000 0.000000 0.000000 0.126407 0.000000 0.000003 0.000000 0.000000 0.001924 0.000982 0.320497 0.010129 0.000223 0.000000 0.000000 0.000000 0.000000 0.003715 0.000000 0.000000 0.000000 0.000054 0.000000 0.000000 0.000089 0.000000 0.000000 0.000000 0.000000 0.000000 0.038627 0.000000 0.000000 0.000001 0.000003 0.000000 0.000000 0.000000 0.000000 0.000000 0.000000 0.000000 0.000000 0.000000 0.000000 0.000000 0.000000 0.000000 0.000000 0.000749 0.065651 0.000000 0.000000 0.000000 0.000000 0.000000 0.000000 0.000000 0.000000 0.000000 0.000003 0.000000 0.000000 0.000000 0.000000 0.000046 0.000000 0.000000 0.000000 0.000000
 0.000000 0.205882 0.000000 0.000000 0.000000 0.000000 0.000000 0.000000 0.000000 0.000000 0.000036 0.000000 0.000000 0.000000 0.000000 0.023525 0.000000 0.000000 0.000000 0.000000 0.000000 0.000000 0.000117 0.000000 0.000000 0.000000 0.000000 0.000024 0.001146 0.000000 0.169245 0.000000 0.000000 0.000001 0.117354 0.000037 0.000063 0.000000 0.000009 0.000000 0.000000 0.000000 0.000000 0.045580 0.206795 0.000000 0.000027 0.000000 0.000000 0.000000 0.000000 0.002569 0.000000 0.000000 0.000007 0.000000 0.000231 0.000355 0.000050 0.000000 0.000002 0.000000 0.000000 0.000000 0.000000 0.000581 0.000000 0.000000 0.000000 0.000000 0.000000 0.000000 0.000000 0.000000 0.000000 0.000824 0.000012 0.000000 0.000000 0.000000 0.000000 0.000000 0.000000 0.147413 0.000000 0.000000 0.000000 0.058951 0.017524 0.000000 0.000000 0.000000 0.000057 0.000044 0.000043 0.000014 0.000000 0.000058 0.000000 0.001424
 0.000000 0.000000 0.000000 0.000000 0.001004 0.000000 0.097086 0.000000 0.000000 0.000000 0.000305 0.000000 0.000000 0.000000 0.000000 0.000000 0.000000 0.000000 0.000000 0.000000 0.000000 0.007845 0.000000 0.000018 0.201809 0.000000 0.000000 0.000000 0.000000 0.022248 0.000000 0.000000 0.000000 0.024454 0.000000 0.000014 0.000000 0.000000 0.004655 0.088573 0.104836 0.299034 0.145750 0.000000 0.000000 0.000000 0.000000 0.000108 0.000000 0.000000 0.000000 0.000022 0.000000 0.000000 0.000227 0.000000 0.000000 0.000000 0.000000 0.000000 0.001199 0.000000 0.000000 0.000009 0.000003 0.000000 0.000000 0.000000 0.000000 0.000000 0.000000 0.000000 0.000000 0.000000 0.000000 0.000000 0.000000 0.000000 0.000000 0.000017 0.000731 0.000000 0.000000 0.000000 0.000000 0.000000 0.000000 0.000000 0.000000 0.000000 0.000007 0.000000 0.000000 0.000000 0.000000 0.000046 0.000000 0.000000 0.000000 0.000000
 0.000000 0.000000 0.000000 0.000000 0.000147 0.000000 0.004602 0.000000 0.000000 0.000000 0.000151 0.000000 0.000000 0.000000 0.000000 0.000000 0.000000 0.000000 0.000000 0.000000 0.000000 0.000214 0.000000 0.349881 0.000002 0.000000 0.000000 0.000000 0.000000 0.002721 0.000000 0.000000 0.000000 0.000456 0.000000 0.000000 0.000000 0.000000 0.000530 0.079743 0.000633 0.068423 0.401764 0.000000 0.000000 0.000000 0.000000 0.000028 0.000000 0.000000 0.000000 0.000000 0.000000 0.000000 0.089565 0.000000 0.000000 0.000000 0.000000 0.000000 0.000102 0.000000 0.000000 0.000000 0.000000 0.000000 0.000000 0.000000 0.000000 0.000000 0.000000 0.000000 0.000000 0.000000 0.000000 0.000000 0.000000 0.000000 0.000000 0.000017 0.000263 0.000000 0.000000 0.000000 0.000000 0.000000 0.000000 0.000000 0.000000 0.000000 0.000000 0.000000 0.000000 0.000000 0.000000 0.000757 0.000000 0.000000 0.000000 0.000000
 0.000000 0.000000 0.000989 0.001650 0.000000 0.000001 0.000000 0.000000 0.269714 0.000477 0.000000 0.000154 0.000064 0.000013 0.000004 0.000000 0.093121 0.000000 0.000003 0.146596 0.000025 0.000000 0.000000 0.000000 0.000000 0.000003 0.001078 0.000095 0.000000 0.000000 0.000000 0.043297 0.000653 0.000000 0.000000 0.000000 0.000009 0.000024 0.000000 0.000000 0.000000 0.000000 0.000000 0.000000 0.000000 0.000044 0.000094 0.000000 0.000011 0.000036 0.000000 0.000000 0.000000 0.000010 0.000000 0.000085 0.000000 0.000000 0.000000 0.000000 0.000000 0.000000 0.000001 0.000000 0.000000 0.000000 0.000001 0.000000 0.000000 0.000294 0.000000 0.000958 0.000134 0.251780 0.000049 0.000000 0.000000 0.186405 0.000002 0.000000 0.000000 0.000196 0.000000 0.000000 0.000066 0.000003 0.000040 0.000000 0.000000 0.000000 0.000000 0.001815 0.000000 0.000000 0.000000 0.000000 0.000001 0.000000 0.000007 0.000000
 0.000000 0.000000 0.000718 0.000000 0.000000 0.004653 0.000000 0.000000 0.003000 0.146739 0.000000 0.000000 0.000000 0.000000 0.000000 0.000000 0.011211 0.000000 0.000325 0.048148 0.000000 0.000000 0.000000 0.000000 0.000000 0.001215 0.000008 0.098014 0.000000 0.000000 0.000000 0.000000 0.042632 0.000000 0.000000 0.000000 0.001927 0.000800 0.000000 0.000000 0.000000 0.000000 0.000000 0.000000 0.000000 0.013304 0.000003 0.000000 0.000000 0.018380 0.000000 0.000000 0.000157 0.000735 0.000000 0.110049 0.000040 0.000000 0.000003 0.000000 0.000000 0.000000 0.000000 0.000000 0.000000 0.000000 0.000000 0.000000 0.000000 0.000425 0.000000 0.000132 0.031932 0.015931 0.000000 0.000000 0.000002 0.087859 0.002144 0.000000 0.000000 0.000000 0.000000 0.000000 0.000000 0.000000 0.000000 0.000000 0.000000 0.000000 0.000000 0.359367 0.000000 0.000068 0.000024 0.000000 0.000000 0.000030 0.000024 0.000000
 0.000000 0.000003 0.000018 0.000000 0.000000 0.000273 0.000000 0.000000 0.000146 0.004542 0.000000 0.000000 0.000000 0.000000 0.000000 0.000010 0.000369 0.000000 0.038436 0.000236 0.000000 0.000000 0.000020 0.000000 0.000000 0.000076 0.069485 0.000005 0.000000 0.000000 0.000094 0.000000 0.000082 0.000000 0.000000 0.000000 0.388934 0.000157 0.000000 0.000000 0.000000 0.000000 0.000000 0.000000 0.000114 0.028379 0.000005 0.000000 0.000000 0.013849 0.000000 0.000000 0.000029 0.000365 0.000000 0.112856 0.000003 0.000211 0.031641 0.000000 0.000000 0.000000 0.000000 0.000000 0.000000 0.000204 0.000000 0.000000 0.000000 0.000054 0.000000 0.000018 0.015472 0.000364 0.000000 0.002110 0.159605 0.000071 0.000088 0.000000 0.000000 0.000000 0.000000 0.000058 0.000000 0.000000 0.000000 0.000057 0.000055 0.000000 0.000000 0.018879 0.046384 0.020382 0.045648 0.000000 0.000000 0.000197 0.000015 0.000000
 0.000000 0.000625 0.000000 0.000000 0.000000 0.000000 0.000000 0.000000 0.000000 0.000000 0.000643 0.000000 0.000000 0.000000 0.000000 0.000521 0.000000 0.000000 0.000000 0.000000 0.000000 0.000000 0.002760 0.000000 0.000000 0.000000 0.000000 0.000000 0.000001 0.000000 0.000020 0.000000 0.000000 0.000001 0.367259 0.000040 0.000000 0.000000 0.014895 0.000001 0.000000 0.000000 0.000000 0.248483 0.004036 0.000000 0.000003 0.000000 0.000000 0.000000 0.000000 0.003485 0.000000 0.000000 0.003087 0.000000 0.000059 0.000000 0.000000 0.000000 0.000002 0.000000 0.000000 0.000000 0.000000 0.000002 0.000000 0.000000 0.000000 0.000000 0.000000 0.000000 0.000000 0.000000 0.000000 0.000003 0.000000 0.000000 0.000000 0.000000 0.000000 0.000000 0.000000 0.000002 0.000000 0.000000 0.000000 0.000001 0.000000 0.000000 0.000000 0.000000 0.000000 0.000004 0.000000 0.084807 0.000000 0.000003 0.000000 0.269257
 0.000000 0.000000 0.000000 0.000000 0.038981 0.000000 0.011266 0.000004 0.000000 0.000000 0.001600 0.000000 0.000001 0.000000 0.000001 0.000000 0.000000 0.000001 0.000000 0.000000 0.000000 0.194735 0.000000 0.013904 0.000981 0.000000 0.000000 0.000000 0.000000 0.000033 0.000000 0.000000 0.000000 0.035841 0.000000 0.000004 0.000000 0.000000 0.000329 0.002423 0.097376 0.005527 0.000578 0.000000 0.000000 0.000000 0.000000 0.270723 0.000000 0.000000 0.000133 0.000071 0.000000 0.000000 0.000025 0.000000 0.000000 0.000000 0.000000 0.000000 0.002637 0.000000 0.000000 0.000082 0.014575 0.000000 0.000002 0.000025 0.000028 0.000000 0.000002 0.000000 0.000000 0.000000 0.000000 0.000000 0.000000 0.000000 0.000000 0.167992 0.139689 0.000000 0.000116 0.000000 0.000000 0.000000 0.000000 0.000000 0.000000 0.000148 0.000143 0.000000 0.000000 0.000000 0.000000 0.000025 0.000000 0.000000 0.000000 0.000000
 0.000000 0.009717 0.000000 0.000000 0.000000 0.000000 0.000000 0.000000 0.000000 0.000000 0.000013 0.000000 0.000000 0.000000 0.000000 0.127939 0.000000 0.000000 0.000000 0.000000 0.000000 0.000000 0.149827 0.000000 0.000000 0.000000 0.000000 0.000099 0.000007 0.000000 0.000006 0.000000 0.000000 0.000001 0.000034 0.000004 0.000146 0.000000 0.000006 0.000000 0.000000 0.000000 0.000000 0.000406 0.166089 0.000000 0.000016 0.000000 0.000000 0.000000 0.000000 0.001385 0.000000 0.000000 0.000004 0.000000 0.000397 0.002951 0.001524 0.000000 0.000001 0.000000 0.000000 0.000000 0.000000 0.133828 0.000000 0.000000 0.000000 0.000000 0.000000 0.000000 0.000000 0.000000 0.000000 0.017809 0.000040 0.000000 0.000000 0.000000 0.000000 0.000000 0.000000 0.179082 0.000000 0.000000 0.000000 0.178736 0.006558 0.000000 0.000000 0.000000 0.000479 0.004773 0.000669 0.000003 0.000000 0.017353 0.000000 0.000096
 0.000000 0.000000 0.000474 0.332415 0.000000 0.000000 0.000000 0.000000 0.117837 0.000001 0.000000 0.025921 0.002164 0.002736 0.000022 0.000000 0.000000 0.000000 0.000000 0.002312 0.008544 0.000000 0.000000 0.000000 0.000000 0.069067 0.000000 0.000000 0.000000 0.000000 0.000000 0.000005 0.000005 0.000000 0.000000 0.000000 0.000000 0.000000 0.000000 0.000000 0.000000 0.000000 0.000000 0.000000 0.000000 0.000000 0.000040 0.000000 0.004339 0.000000 0.000000 0.000000 0.000000 0.000000 0.000000 0.000000 0.000000 0.000000 0.000000 0.000000 0.000000 0.000017 0.000028 0.000000 0.000000 0.000000 0.000146 0.000000 0.000000 0.000000 0.000000 0.000000 0.000000 0.000308 0.031761 0.000000 0.000000 0.275866 0.000001 0.000000 0.000000 0.099499 0.000000 0.000000 0.024880 0.000562 0.001002 0.000000 0.000000 0.000000 0.000000 0.000000 0.000000 0.000000 0.000000 0.000000 0.000045 0.000000 0.000004 0.000000
 0.000000 0.000000 0.235820 0.000010 0.000000 0.000714 0.000000 0.000000 0.000000 0.451867 0.000000 0.000000 0.000168 0.000000 0.000000 0.000000 0.000014 0.000000 0.000001 0.074462 0.000000 0.000000 0.000000 0.000000 0.000000 0.001380 0.079940 0.000218 0.000000 0.000000 0.000000 0.000007 0.000005 0.000000 0.000000 0.000000 0.000006 0.000001 0.000000 0.000000 0.000000 0.000000 0.000000 0.000000 0.000000 0.000004 0.000091 0.000000 0.000005 0.000006 0.000000 0.000000 0.000082 0.000009 0.000000 0.000025 0.000030 0.000000 0.000003 0.000000 0.000000 0.000000 0.000000 0.000000 0.000000 0.000000 0.000000 0.000000 0.000000 0.000000 0.000000 0.000001 0.000025 0.007997 0.000003 0.000000 0.000001 0.129678 0.004233 0.000000 0.000000 0.000001 0.000000 0.000000 0.000000 0.000000 0.000000 0.000000 0.000000 0.000000 0.000000 0.012846 0.000000 0.000018 0.000016 0.000000 0.000000 0.000059 0.000255 0.000000
 0.000000 0.000000 0.000000 0.000000 0.038175 0.000000 0.260196 0.000000 0.000000 0.000000 0.060666 0.000000 0.000000 0.000000 0.000000 0.000000 0.000000 0.000000 0.000000 0.000000 0.000000 0.086949 0.000001 0.015748 0.000170 0.000000 0.000000 0.000000 0.000000 0.036931 0.000001 0.000000 0.000000 0.000025 0.000002 0.000029 0.000000 0.000000 0.124219 0.032615 0.151296 0.029168 0.000724 0.000001 0.000003 0.000000 0.000000 0.000101 0.000000 0.000000 0.000000 0.000877 0.000000 0.000000 0.007799 0.000000 0.000001 0.000000 0.000000 0.000000 0.147778 0.000000 0.000000 0.000011 0.000002 0.000000 0.000000 0.000000 0.000000 0.000000 0.000000 0.000000 0.000000 0.000000 0.000000 0.000000 0.000000 0.000000 0.000000 0.000034 0.004741 0.000000 0.000000 0.000000 0.000000 0.000000 0.000000 0.000000 0.000000 0.000000 0.000012 0.000000 0.000000 0.000000 0.000000 0.001714 0.000000 0.000000 0.000000 0.000008
 0.000000 0.065917 0.000000 0.000000 0.000000 0.000000 0.000000 0.000000 0.000000 0.000000 0.000189 0.000000 0.000000 0.000000 0.000000 0.000994 0.000000 0.000000 0.000000 0.000000 0.000000 0.000000 0.253060 0.000000 0.000000 0.000000 0.000000 0.000000 0.328710 0.000000 0.000083 0.000000 0.000000 0.000004 0.000009 0.000035 0.000000 0.000000 0.001197 0.000001 0.000000 0.000000 0.000000 0.251569 0.010702 0.000000 0.000004 0.000000 0.000000 0.000000 0.000000 0.002826 0.000000 0.000000 0.000426 0.000000 0.000180 0.000000 0.000000 0.000000 0.000015 0.000000 0.000000 0.000000 0.000000 0.000005 0.000000 0.000000 0.000000 0.000000 0.000000 0.000000 0.000000 0.000000 0.000000 0.000005 0.000000 0.000000 0.000000 0.000000 0.000000 0.000000 0.000000 0.000004 0.000000 0.000000 0.000000 0.000002 0.000000 0.000000 0.000000 0.000000 0.000000 0.000002 0.000000 0.009659 0.000000 0.000011 0.000000 0.074392
 0.000000 0.000000 0.000009 0.000000 0.004469 0.000000 0.000008 0.000000 0.000000 0.000000 0.308348 0.000000 0.000043 0.000000 0.000000 0.000640 0.000000 0.000000 0.000000 0.000000 0.000000 0.000003 0.000075 0.000016 0.000000 0.000000 0.000000 0.000000 0.000033 0.000008 0.000009 0.000000 0.000000 0.000053 0.000032 0.000067 0.000000 0.000000 0.000102 0.000016 0.000003 0.000001 0.000000 0.000115 0.000546 0.000000 0.050258 0.000000 0.000006 0.000000 0.000000 0.176037 0.000051 0.000000 0.000024 0.000000 0.296577 0.000000 0.000000 0.000000 0.004449 0.000000 0.000000 0.154578 0.000003 0.000000 0.000006 0.000000 0.000043 0.000000 0.000000 0.000000 0.000000 0.000000 0.000000 0.000000 0.000000 0.000000 0.000000 0.000002 0.000467 0.000000 0.000000 0.000001 0.000000 0.000000 0.000000 0.000000 0.000000 0.000004 0.002513 0.000000 0.000000 0.000006 0.000000 0.000031 0.000004 0.000000 0.000063 0.000280
 0.000000 0.000009 0.000005 0.000000 0.000000 0.000032 0.000000 0.000000 0.000027 0.000030 0.000000 0.000000 0.000000 0.000000 0.000000 0.000041 0.000008 0.000000 0.157817 0.000020 0.000000 0.000000 0.000054 0.000000 0.000000 0.000008 0.001407 0.400494 0.000000 0.000000 0.000142 0.000000 0.000002 0.000000 0.000000 0.000000 0.000007 0.000027 0.000000 0.000000 0.000000 0.000000 0.000000 0.000000 0.000576 0.008632 0.000003 0.000000 0.000000 0.003870 0.000000 0.000000 0.000005 0.000358 0.000000 0.145114 0.000003 0.001515 0.015072 0.000000 0.000000 0.000000 0.000000 0.000000 0.000000 0.000309 0.000000 0.000000 0.000000 0.000022 0.000000 0.000001 0.001450 0.000033 0.000000 0.002432 0.102726 0.000014 0.000012 0.000000 0.000000 0.000000 0.000000 0.000113 0.000000 0.000000 0.000000 0.000120 0.000152 0.000000 0.000000 0.000418 0.117344 0.020089 0.019177 0.000000 0.000000 0.000308 0.000004 0.000000
 0.000000 0.000000 0.000000 0.000000 0.000000 0.000000 0.000000 0.000000 0.000500 0.000003 0.000000 0.000000 0.000000 0.000000 0.000000 0.000000 0.023479 0.000000 0.001064 0.000553 0.000000 0.000000 0.000000 0.000000 0.000000 0.000055 0.001639 0.000454 0.000000 0.000000 0.000000 0.000000 0.000001 0.000000 0.000000 0.000000 0.000075 0.000020 0.000000 0.000000 0.000000 0.000000 0.000000 0.000000 0.000000 0.004569 0.000000 0.000000 0.000000 0.005804 0.000000 0.000000 0.000000 0.486565 0.000000 0.001097 0.000000 0.000000 0.000000 0.000000 0.000000 0.000000 0.000000 0.000000 0.000000 0.000000 0.000000 0.000000 0.000000 0.223619 0.000000 0.136016 0.111821 0.000247 0.000000 0.000000 0.000000 0.000591 0.000000 0.000000 0.000000 0.000000 0.000000 0.000000 0.000000 0.000000 0.000000 0.000000 0.000000 0.000000 0.000000 0.001829 0.000000 0.000000 0.000000 0.000000 0.000000 0.000000 0.000000 0.000000
 0.000000 0.000016 0.000000 0.000000 0.004013 0.000000 0.057399 0.000000 0.000000 0.000000 0.142806 0.000000 0.000000 0.000000 0.000000 0.000017 0.000000 0.000000 0.000000 0.000000 0.000000 0.001409 0.000010 0.003193 0.000210 0.000000 0.000000 0.000000 0.007206 0.000361 0.000007 0.000000 0.000000 0.132280 0.000647 0.000059 0.000000 0.000000 0.000027 0.116494 0.000488 0.003352 0.000102 0.001002 0.000350 0.000000 0.000000 0.000012 0.000000 0.000000 0.000000 0.062050 0.000000 0.000000 0.123636 0.000000 0.000109 0.000000 0.000000 0.000000 0.010849 0.000000 0.000000 0.000011 0.000006 0.000000 0.000000 0.000000 0.000000 0.000000 0.000000 0.000000 0.000000 0.000000 0.000000 0.000000 0.000000 0.000000 0.000000 0.000008 0.000158 0.000000 0.000000 0.000001 0.000000 0.000000 0.000000 0.000001 0.000000 0.000000 0.000012 0.000000 0.000000 0.000000 0.000000 0.293091 0.000000 0.000001 0.000000 0.038609
 0.000000 0.000000 0.000000 0.000000 0.000480 0.000000 0.214022 0.000000 0.000000 0.000000 0.001241 0.000000 0.000000 0.000000 0.000000 0.000000 0.000000 0.000000 0.000000 0.000000 0.000000 0.000890 0.000000 0.075138 0.039019 0.000000 0.000000 0.000000 0.000001 0.003288 0.000000 0.000000 0.000000 0.042963 0.000001 0.000011 0.000000 0.000000 0.144104 0.000002 0.001494 0.110975 0.072152 0.000001 0.000002 0.000000 0.000000 0.000014 0.000000 0.000000 0.000000 0.000085 0.000000 0.000000 0.285530 0.000000 0.000002 0.000000 0.000000 0.000000 0.000754 0.000000 0.000000 0.000002 0.000000 0.000000 0.000000 0.000000 0.000000 0.000000 0.000000 0.000000 0.000000 0.000000 0.000000 0.000000 0.000000 0.000000 0.000000 0.000012 0.000287 0.000000 0.000000 0.000000 0.000000 0.000000 0.000000 0.000000 0.000000 0.000000 0.000001 0.000000 0.000000 0.000000 0.000000 0.007516 0.000000 0.000000 0.000000 0.000010
 0.000000 0.000000 0.000000 0.000000 0.017777 0.000000 0.084226 0.000000 0.000000 0.000000 0.001018 0.000000 0.000000 0.000000 0.000000 0.000000 0.000000 0.000000 0.000000 0.000000 0.000000 0.328197 0.000000 0.100509 0.000350 0.000000 0.000000 0.000000 0.000000 0.149376 0.000000 0.000000 0.000000 0.225239 0.000000 0.000002 0.000000 0.000000 0.000682 0.001689 0.000003 0.074276 0.001174 0.000000 0.000000 0.000000 0.000000 0.000208 0.000000 0.000000 0.000000 0.000068 0.000000 0.000000 0.000026 0.000000 0.000000 0.000000 0.000000 0.000000 0.011383 0.000000 0.000000 0.000001 0.000001 0.000000 0.000000 0.000000 0.000000 0.000000 0.000000 0.000000 0.000000 0.000000 0.000000 0.000000 0.000000 0.000000 0.000000 0.000041 0.003736 0.000000 0.000000 0.000000 0.000000 0.000000 0.000000 0.000000 0.000000 0.000000 0.000002 0.000000 0.000000 0.000000 0.000000 0.000015 0.000000 0.000000 0.000000 0.000000
 0.000000 0.000000 0.000000 0.000000 0.000454 0.000000 0.244847 0.000000 0.000000 0.000000 0.000216 0.000000 0.000000 0.000000 0.000000 0.000000 0.000000 0.000000 0.000000 0.000000 0.000000 0.010364 0.000000 0.286486 0.037810 0.000000 0.000000 0.000000 0.000000 0.008473 0.000000 0.000000 0.000000 0.043392 0.000000 0.000000 0.000000 0.000000 0.004683 0.125328 0.074223 0.000002 0.160153 0.000000 0.000000 0.000000 0.000000 0.000041 0.000000 0.000000 0.000000 0.000006 0.000000 0.000000 0.002370 0.000000 0.000000 0.000000 0.000000 0.000000 0.000748 0.000000 0.000000 0.000001 0.000000 0.000000 0.000000 0.000000 0.000000 0.000000 0.000000 0.000000 0.000000 0.000000 0.000000 0.000000 0.000000 0.000000 0.000000 0.000012 0.000258 0.000000 0.000000 0.000000 0.000000 0.000000 0.000000 0.000000 0.000000 0.000000 0.000001 0.000000 0.000000 0.000000 0.000000 0.000132 0.000000 0.000000 0.000000 0.000000
 0.000000 0.000000 0.000000 0.000000 0.000144 0.000000 0.031315 0.000000 0.000000 0.000000 0.000070 0.000000 0.000000 0.000000 0.000000 0.000000 0.000000 0.000000 0.000000 0.000000 0.000000 0.000359 0.000000 0.219135 0.348413 0.000000 0.000000 0.000000 0.000000 0.001389 0.000000 0.000000 0.000000 0.001689 0.000000 0.000000 0.000000 0.000000 0.000223 0.127878 0.001841 0.251336 0.000000 0.000000 0.000000 0.000000 0.000000 0.000014 0.000000 0.000000 0.000000 0.000000 0.000000 0.000000 0.015776 0.000000 0.000000 0.000000 0.000000 0.000000 0.000105 0.000000 0.000000 0.000000 0.000000 0.000000 0.000000 0.000000 0.000000 0.000000 0.000000 0.000000 0.000000 0.000000 0.000000 0.000000 0.000000 0.000000 0.000000 0.000007 0.000111 0.000000 0.000000 0.000000 0.000000 0.000000 0.000000 0.000000 0.000000 0.000000 0.000000 0.000000 0.000000 0.000000 0.000000 0.000194 0.000000 0.000000 0.000000 0.000000
 0.000000 0.007078 0.000000 0.000000 0.000000 0.000000 0.000000 0.000000 0.000000 0.000000 0.001469 0.000000 0.000000 0.000000 0.000000 0.009350 0.000000 0.000000 0.000000 0.000000 0.000000 0.000000 0.094007 0.000000 0.000000 0.000000 0.000000 0.000000 0.212715 0.000000 0.000946 0.000000 0.000000 0.000003 0.240612 0.000117 0.000000 0.000000 0.001773 0.000001 0.000000 0.000000 0.000000 0.000006 0.123153 0.000000 0.000012 0.000000 0.000000 0.000000 0.000000 0.069396 0.000000 0.000000 0.000207 0.000000 0.000399 0.000000 0.000000 0.000000 0.000013 0.000000 0.000000 0.000000 0.000000 0.000006 0.000000 0.000000 0.000000 0.000000 0.000000 0.000000 0.000000 0.000000 0.000000 0.000004 0.000000 0.000000 0.000000 0.000000 0.000000 0.000000 0.000000 0.000029 0.000000 0.000000 0.000000 0.000011 0.000000 0.000000 0.000000 0.000000 0.000000 0.000007 0.000000 0.000902 0.000000 0.000009 0.000000 0.237775
 0.000000 0.004053 0.000000 0.000000 0.000000 0.000000 0.000001 0.000000 0.000000 0.000000 0.002400 0.000000 0.000000 0.000000 0.000000 0.281848 0.000000 0.000000 0.000000 0.000000 0.000000 0.000000 0.204205 0.000000 0.000000 0.000000 0.000000 0.000134 0.001654 0.000000 0.185265 0.000000 0.000000 0.000003 0.004901 0.000267 0.000657 0.000000 0.000296 0.000001 0.000000 0.000000 0.000000 0.058964 0.000282 0.000000 0.000296 0.000000 0.000000 0.000000 0.000000 0.119456 0.000000 0.000000 0.000104 0.000000 0.033044 0.000061 0.000361 0.000000 0.000014 0.000000 0.000000 0.000000 0.000000 0.009297 0.000000 0.000000 0.000000 0.000000 0.000000 0.000000 0.000000 0.000000 0.000000 0.000493 0.000059 0.000000 0.000000 0.000000 0.000000 0.000000 0.000000 0.018904 0.000000 0.000000 0.000000 0.008520 0.001551 0.000000 0.000000 0.000000 0.000202 0.029160 0.000289 0.000093 0.000000 0.006112 0.000000 0.027052
 0.000000 0.000000 0.000000 0.000000 0.000000 0.000000 0.000000 0.000000 0.000099 0.000120 0.000000 0.000000 0.000000 0.000000 0.000000 0.000000 0.002528 0.000000 0.085835 0.001091 0.000000 0.000000 0.000000 0.000000 0.000000 0.000056 0.015016 0.045183 0.000000 0.000000 0.000000 0.000000 0.000002 0.000000 0.000000 0.000000 0.013347 0.002519 0.000000 0.000000 0.000000 0.000000 0.000000 0.000000 0.000000 0.000001 0.000000 0.000000 0.000000 0.270112 0.000000 0.000000 0.000000 0.043444 0.000000 0.244124 0.000000 0.000000 0.000000 0.000000 0.000000 0.000000 0.000000 0.000000 0.000000 0.000000 0.000000 0.000000 0.000000 0.000187 0.000000 0.000027 0.225955 0.000895 0.000000 0.000000 0.000000 0.000256 0.000000 0.000000 0.000000 0.000000 0.000000 0.000000 0.000000 0.000000 0.000000 0.000000 0.000000 0.000000 0.000000 0.049205 0.000000 0.000000 0.000000 0.000000 0.000000 0.000000 0.000000 0.000000
 0.000000 0.000000 0.060099 0.000062 0.000004 0.027032 0.000000 0.000000 0.000000 0.000123 0.000097 0.000000 0.019181 0.000000 0.000000 0.026561 0.000000 0.000000 0.000000 0.000074 0.000005 0.000000 0.000038 0.000000 0.000000 0.000125 0.000003 0.000008 0.000002 0.000000 0.000025 0.000033 0.000057 0.000000 0.000003 0.034840 0.000004 0.000000 0.000000 0.000000 0.000000 0.000000 0.000000 0.000008 0.000419 0.000000 0.000070 0.000000 0.000070 0.000000 0.000000 0.000555 0.240011 0.000000 0.000000 0.000002 0.281851 0.000000 0.000001 0.000000 0.000000 0.000000 0.000000 0.014613 0.000000 0.000005 0.000001 0.000000 0.000006 0.000000 0.000000 0.000000 0.000000 0.000087 0.000051 0.000026 0.000001 0.000284 0.003623 0.000000 0.000001 0.000020 0.000000 0.000002 0.000000 0.000000 0.000000 0.000001 0.000000 0.000001 0.000119 0.000002 0.000000 0.069247 0.000004 0.000000 0.000001 0.000295 0.220237 0.000009
 0.000002 0.000000 0.000000 0.000000 0.000366 0.000000 0.000056 0.000069 0.000000 0.000000 0.000137 0.000000 0.000003 0.000000 0.000002 0.000000 0.000000 0.000003 0.000000 0.000000 0.000000 0.003828 0.000000 0.000105 0.000016 0.000000 0.000000 0.000000 0.000000 0.417902 0.000000 0.000000 0.000000 0.000151 0.000000 0.000000 0.000000 0.000000 0.000017 0.000016 0.000209 0.000042 0.000009 0.000000 0.000000 0.000000 0.000000 0.000014 0.000000 0.000000 0.023391 0.000000 0.000000 0.000000 0.000013 0.000000 0.000000 0.000000 0.000000 0.000004 0.000038 0.000000 0.000000 0.000101 0.145315 0.000000 0.000007 0.003992 0.000390 0.000000 0.000020 0.000000 0.000000 0.000000 0.000000 0.000000 0.000000 0.000000 0.000000 0.303895 0.028173 0.000000 0.045561 0.000000 0.000000 0.000000 0.000000 0.000000 0.000000 0.025981 0.000167 0.000000 0.000000 0.000000 0.000000 0.000006 0.000000 0.000000 0.000000 0.000000
 0.000006 0.000000 0.055218 0.013865 0.000001 0.000001 0.000000 0.000001 0.000249 0.000005 0.000002 0.000253 0.282074 0.000510 0.000575 0.000000 0.000000 0.000007 0.000000 0.000014 0.269047 0.000000 0.000000 0.000000 0.000000 0.000012 0.000000 0.000000 0.000000 0.000000 0.000000 0.003027 0.000003 0.000000 0.000000 0.000004 0.000000 0.000000 0.000000 0.000000 0.000000 0.000000 0.000000 0.000000 0.000000 0.000000 0.000059 0.000000 0.000003 0.000000 0.000000 0.000000 0.000023 0.000000 0.000000 0.000000 0.000001 0.000000 0.000000 0.000003 0.000000 0.000051 0.002310 0.001193 0.000000 0.000000 0.079963 0.000001 0.000122 0.000000 0.000003 0.000000 0.000000 0.000001 0.167906 0.000000 0.000000 0.000481 0.000003 0.000001 0.000002 0.029057 0.000000 0.000000 0.008065 0.038912 0.002123 0.000000 0.000000 0.000003 0.000092 0.000000 0.000000 0.000000 0.000000 0.000000 0.044686 0.000000 0.000065 0.000000
 0.000000 0.000000 0.000000 0.000000 0.000000 0.000000 0.000000 0.000000 0.000080 0.000170 0.000000 0.000000 0.000000 0.000000 0.000000 0.000000 0.003918 0.000000 0.044187 0.000896 0.000000 0.000000 0.000000 0.000000 0.000000 0.000047 0.021294 0.022632 0.000000 0.000000 0.000000 0.000000 0.000004 0.000000 0.000000 0.000000 0.006142 0.003284 0.000000 0.000000 0.000000 0.000000 0.000000 0.000000 0.000000 0.277250 0.000000 0.000000 0.000000 0.000001 0.000000 0.000000 0.000000 0.045619 0.000000 0.243395 0.000000 0.000000 0.000000 0.000000 0.000000 0.000000 0.000000 0.000000 0.000000 0.000000 0.000000 0.000000 0.000000 0.000141 0.000000 0.000030 0.245063 0.000737 0.000000 0.000000 0.000000 0.000246 0.000000 0.000000 0.000000 0.000000 0.000000 0.000000 0.000000 0.000000 0.000000 0.000000 0.000000 0.000000 0.000000 0.084866 0.000000 0.000000 0.000000 0.000000 0.000000 0.000000 0.000000 0.000000
 0.000017 0.000000 0.000000 0.000000 0.000000 0.000000 0.000000 0.001813 0.000000 0.000000 0.000000 0.000000 0.000192 0.000000 0.000030 0.000000 0.000000 0.000008 0.000000 0.000000 0.000002 0.000000 0.000000 0.000000 0.000000 0.000000 0.000000 0.000000 0.000000 0.000347 0.000000 0.000000 0.000000 0.000000 0.000000 0.000000 0.000000 0.000000 0.000000 0.000000 0.000000 0.000000 0.000000 0.000000 0.000000 0.000000 0.000000 0.039573 0.000000 0.000000 0.000002 0.000000 0.000000 0.000000 0.000000 0.000000 0.000000 0.000000 0.000000 0.000035 0.000000 0.000002 0.000002 0.000759 0.106848 0.000000 0.000034 0.081369 0.011291 0.000000 0.001192 0.000000 0.000000 0.000000 0.000000 0.000000 0.000000 0.000000 0.000000 0.000514 0.001929 0.000000 0.354616 0.000000 0.000000 0.000001 0.000008 0.000000 0.000000 0.397553 0.001861 0.000000 0.000000 0.000000 0.000000 0.000000 0.000001 0.000000 0.000000 0.000000
 0.000000 0.000522 0.000000 0.000000 0.003166 0.000000 0.000098 0.000000 0.000000 0.000000 0.227530 0.000000 0.000000 0.000000 0.000000 0.076047 0.000000 0.000000 0.000000 0.000000 0.000000 0.000047 0.003595 0.000018 0.000000 0.000000 0.000000 0.000000 0.002025 0.000093 0.002190 0.000000 0.000000 0.001122 0.001834 0.122045 0.000000 0.000000 0.074506 0.000083 0.000059 0.000005 0.000000 0.047090 0.169300 0.000000 0.000555 0.000000 0.000000 0.000000 0.000000 0.000327 0.000000 0.000000 0.001201 0.000000 0.134922 0.000000 0.000000 0.000000 0.005996 0.000000 0.000000 0.000359 0.000003 0.000011 0.000000 0.000000 0.000000 0.000000 0.000000 0.000000 0.000000 0.000000 0.000000 0.000005 0.000000 0.000000 0.000000 0.000003 0.000312 0.000000 0.000000 0.000039 0.000000 0.000000 0.000000 0.000014 0.000000 0.000000 0.000035 0.000000 0.000000 0.000030 0.000000 0.001244 0.000000 0.000144 0.000000 0.123427
 0.000000 0.000000 0.030100 0.000000 0.000001 0.215452 0.000000 0.000000 0.000000 0.001905 0.000031 0.000000 0.000066 0.000000 0.000000 0.000000 0.000000 0.000000 0.000000 0.000000 0.000000 0.000000 0.000000 0.000000 0.000000 0.000000 0.000207 0.000055 0.000000 0.000000 0.000000 0.000000 0.000058 0.000000 0.000000 0.000039 0.000008 0.000000 0.000000 0.000000 0.000000 0.000000 0.000000 0.000000 0.000000 0.000000 0.269067 0.000000 0.000031 0.000000 0.000000 0.000000 0.000005 0.000000 0.000000 0.000004 0.064461 0.000000 0.000024 0.000000 0.000000 0.000000 0.000000 0.003158 0.000001 0.000000 0.000001 0.000000 0.000001 0.000000 0.000000 0.000000 0.000000 0.000000 0.000000 0.000000 0.000015 0.000000 0.072015 0.000000 0.000000 0.000000 0.000000 0.000000 0.000000 0.000000 0.000000 0.000000 0.000000 0.000003 0.000071 0.000013 0.000000 0.044516 0.000219 0.000000 0.000002 0.002979 0.295491 0.000000
 0.000000 0.000000 0.000000 0.000000 0.000000 0.000000 0.000000 0.000000 0.000048 0.000014 0.000000 0.000000 0.000000 0.000000 0.000000 0.000000 0.001464 0.000000 0.242925 0.000525 0.000000 0.000000 0.000000 0.000000 0.000000 0.000014 0.000969 0.000679 0.000000 0.000000 0.000000 0.000000 0.000006 0.000000 0.000000 0.000000 0.000648 0.313526 0.000000 0.000000 0.000000 0.000000 0.000000 0.000000 0.000000 0.050780 0.000000 0.000000 0.000000 0.051949 0.000000 0.000000 0.000000 0.000078 0.000000 0.011348 0.000000 0.000000 0.000000 0.000000 0.000000 0.000000 0.000000 0.000000 0.000000 0.000000 0.000000 0.000000 0.000000 0.049673 0.000000 0.001943 0.271436 0.000161 0.000000 0.000000 0.000000 0.000560 0.000000 0.000000 0.000000 0.000000 0.000000 0.000000 0.000000 0.000000 0.000000 0.000000 0.000000 0.000000 0.000000 0.001253 0.000000 0.000000 0.000000 0.000000 0.000000 0.000000 0.000000 0.000000
 0.000000 0.000050 0.000000 0.000000 0.000054 0.000000 0.004376 0.000000 0.000000 0.000000 0.067831 0.000000 0.000000 0.000000 0.000000 0.000015 0.000000 0.000000 0.000000 0.000000 0.000000 0.000087 0.000010 0.000208 0.047471 0.000000 0.000000 0.000000 0.002001 0.000037 0.000007 0.000000 0.000000 0.011128 0.000309 0.000019 0.000000 0.000000 0.165666 0.309289 0.000024 0.002273 0.009642 0.000157 0.000165 0.000000 0.000000 0.000012 0.000000 0.000000 0.000000 0.001340 0.000000 0.000000 0.000040 0.000000 0.000119 0.000000 0.000000 0.000000 0.000114 0.000000 0.000000 0.000000 0.000000 0.000002 0.000000 0.000000 0.000000 0.000000 0.000000 0.000000 0.000000 0.000000 0.000000 0.000000 0.000000 0.000000 0.000000 0.000015 0.000113 0.000000 0.000000 0.000001 0.000000 0.000000 0.000000 0.000001 0.000000 0.000000 0.000000 0.000000 0.000000 0.000000 0.000000 0.370136 0.000000 0.000003 0.000000 0.007283
 0.000000 0.000000 0.000005 0.000000 0.000000 0.000047 0.000000 0.000000 0.000139 0.000298 0.000000 0.000000 0.000000 0.000000 0.000000 0.000000 0.000785 0.000000 0.075497 0.000812 0.000000 0.000000 0.000000 0.000000 0.000000 0.000072 0.082079 0.118731 0.000000 0.000000 0.000000 0.000000 0.000010 0.000000 0.000000 0.000000 0.148261 0.000400 0.000000 0.000000 0.000000 0.000000 0.000000 0.000000 0.000000 0.161315 0.000001 0.000000 0.000000 0.156692 0.000000 0.000000 0.000002 0.006416 0.000000 0.000003 0.000002 0.000000 0.000001 0.000000 0.000000 0.000000 0.000000 0.000000 0.000000 0.000000 0.000000 0.000000 0.000000 0.000058 0.000000 0.000011 0.093445 0.000741 0.000000 0.000000 0.000004 0.000251 0.000012 0.000000 0.000000 0.000000 0.000000 0.000000 0.000000 0.000000 0.000000 0.000000 0.000000 0.000000 0.000000 0.153902 0.000000 0.000002 0.000005 0.000000 0.000000 0.000001 0.000001 0.000000
 0.000000 0.000092 0.011874 0.000000 0.000004 0.005692 0.000000 0.000000 0.000000 0.000072 0.055624 0.000000 0.000006 0.000000 0.000000 0.093082 0.000000 0.000000 0.000000 0.000000 0.000000 0.000000 0.000280 0.000000 0.000000 0.000000 0.000041 0.000004 0.000030 0.000000 0.000544 0.000000 0.000016 0.000001 0.000101 0.178473 0.000004 0.000000 0.000113 0.000002 0.000000 0.000000 0.000000 0.000235 0.040650 0.000000 0.244671 0.000000 0.000001 0.000000 0.000000 0.117112 0.049915 0.000000 0.000092 0.000003 0.000279 0.000000 0.000003 0.000000 0.000010 0.000000 0.000000 0.008041 0.000000 0.000056 0.000000 0.000000 0.000009 0.000000 0.000000 0.000000 0.000000 0.000000 0.000000 0.000005 0.000002 0.000000 0.001063 0.000000 0.000000 0.000000 0.000000 0.000019 0.000000 0.000000 0.000000 0.000008 0.000000 0.000000 0.000074 0.000023 0.000000 0.113629 0.000024 0.000043 0.000001 0.043064 0.034125 0.000786
 0.000000 0.000123 0.000000 0.000000 0.000000 0.000000 0.000000 0.000000 0.000000 0.000000 0.000000 0.000000 0.000000 0.000000 0.000000 0.000140 0.000000 0.000000 0.000000 0.000000 0.000000 0.000000 0.001212 0.000000 0.000000 0.000000 0.000000 0.000857 0.000000 0.000000 0.011375 0.000000 0.000000 0.000000 0.000000 0.000000 0.005975 0.000000 0.000000 0.000000 0.000000 0.000000 0.000000 0.000000 0.000209 0.000000 0.000000 0.000000 0.000000 0.000000 0.000000 0.000000 0.000000 0.000000 0.000000 0.000000 0.000000 0.000000 0.039190 0.000000 0.000000 0.000000 0.000000 0.000000 0.000000 0.055609 0.000000 0.000000 0.000000 0.000000 0.000000 0.000000 0.000000 0.000000 0.000000 0.278694 0.000880 0.000000 0.000000 0.000000 0.000000 0.000000 0.000000 0.055337 0.000000 0.000000 0.000000 0.182013 0.310847 0.000000 0.000000 0.000000 0.051243 0.000364 0.005364 0.000000 0.000000 0.000568 0.000000 0.000000
 0.000000 0.000008 0.000006 0.000000 0.000000 0.000764 0.000000 0.000000 0.000000 0.000009 0.000000 0.000000 0.000000 0.000000 0.000000 0.000109 0.000000 0.000000 0.000000 0.000000 0.000000 0.000000 0.000061 0.000000 0.000000 0.000000 0.000003 0.046093 0.000000 0.000000 0.002107 0.000000 0.000002 0.000000 0.000000 0.000000 0.021322 0.000000 0.000000 0.000000 0.000000 0.000000 0.000000 0.000000 0.000447 0.000000 0.000001 0.000000 0.000000 0.000000 0.000000 0.000000 0.000019 0.000000 0.000000 0.000001 0.000003 0.014061 0.000002 0.000000 0.000000 0.000000 0.000000 0.000000 0.000000 0.034872 0.000000 0.000000 0.000000 0.000000 0.000000 0.000000 0.000000 0.000000 0.000000 0.110588 0.239859 0.000000 0.000057 0.000000 0.000000 0.000000 0.000000 0.001676 0.000000 0.000000 0.000000 0.002213 0.000528 0.000000 0.000000 0.000000 0.094603 0.080517 0.307941 0.000000 0.000000 0.042126 0.000002 0.000000
 0.350658 0.000000 0.000000 0.000000 0.000000 0.000000 0.000000 0.308721 0.000000 0.000000 0.000000 0.000000 0.001368 0.000013 0.022445 0.000000 0.000000 0.053567 0.000000 0.000000 0.000015 0.000000 0.000000 0.000000 0.000000 0.000000 0.000000 0.000000 0.000000 0.000001 0.000000 0.000000 0.000000 0.000000 0.000000 0.000000 0.000000 0.000000 0.000000 0.000000 0.000000 0.000000 0.000000 0.000000 0.000000 0.000000 0.000000 0.000005 0.000004 0.000000 0.000023 0.000000 0.000000 0.000000 0.000000 0.000000 0.000000 0.000000 0.000000 0.000001 0.000000 0.004426 0.000255 0.000432 0.000016 0.000000 0.000652 0.004445 0.140597 0.000000 0.110419 0.000000 0.000000 0.000000 0.000000 0.000000 0.000000 0.000000 0.000000 0.000000 0.000005 0.000000 0.000014 0.000000 0.000001 0.000146 0.000464 0.000000 0.000000 0.001149 0.000023 0.000000 0.000000 0.000000 0.000000 0.000000 0.000133 0.000000 0.000000 0.000000
 0.000000 0.000000 0.000000 0.000000 0.290616 0.000000 0.009992 0.000000 0.000000 0.000000 0.367434 0.000000 0.000000 0.000000 0.000000 0.000001 0.000000 0.000000 0.000000 0.000000 0.000000 0.038830 0.000003 0.001128 0.000055 0.000000 0.000000 0.000000 0.000001 0.003970 0.000001 0.000000 0.000000 0.215967 0.000011 0.003525 0.000000 0.000000 0.014889 0.000837 0.011174 0.000735 0.000066 0.000010 0.000023 0.000000 0.000000 0.000037 0.000000 0.000000 0.000000 0.006853 0.000000 0.000000 0.000117 0.000000 0.000013 0.000000 0.000000 0.000000 0.000005 0.000000 0.000000 0.000294 0.000009 0.000000 0.000000 0.000000 0.000000 0.000000 0.000000 0.000000 0.000000 0.000000 0.000000 0.000000 0.000000 0.000000 0.000000 0.000097 0.033086 0.000000 0.000000 0.000000 0.000000 0.000000 0.000000 0.000000 0.000000 0.000000 0.000094 0.000000 0.000000 0.000000 0.000000 0.000107 0.000000 0.000000 0.000000 0.000020
 0.050883 0.000000 0.000000 0.000008 0.000000 0.000000 0.000000 0.001514 0.000280 0.000000 0.000000 0.000143 0.001201 0.001882 0.199878 0.000000 0.000000 0.253312 0.000000 0.000000 0.000752 0.000000 0.000000 0.000000 0.000000 0.000000 0.000000 0.000000 0.000000 0.000000 0.000000 0.000030 0.000000 0.000000 0.000000 0.000000 0.000000 0.000000 0.000000 0.000000 0.000000 0.000000 0.000000 0.000000 0.000000 0.000000 0.000000 0.000000 0.000126 0.000000 0.000002 0.000000 0.000000 0.000000 0.000000 0.000000 0.000000 0.000000 0.000000 0.006874 0.000000 0.000060 0.013637 0.000000 0.000000 0.000000 0.001249 0.000105 0.003208 0.000000 0.000310 0.000000 0.000000 0.000000 0.000070 0.000000 0.000000 0.000106 0.000000 0.000000 0.000000 0.000259 0.000002 0.000000 0.000154 0.026565 0.432273 0.000000 0.000000 0.000039 0.000000 0.000000 0.000000 0.000000 0.000000 0.000000 0.005076 0.000000 0.000000 0.000000
 0.000492 0.000000 0.000000 0.000013 0.000000 0.000000 0.000000 0.000260 0.000013 0.000000 0.000000 0.000023 0.030451 0.000296 0.240858 0.000000 0.000000 0.000064 0.000000 0.000000 0.022132 0.000000 0.000000 0.000000 0.000000 0.000001 0.000000 0.000000 0.000000 0.000000 0.000000 0.000020 0.000000 0.000000 0.000000 0.000000 0.000000 0.000000 0.000000 0.000000 0.000000 0.000000 0.000000 0.000000 0.000000 0.000000 0.000000 0.000000 0.002361 0.000000 0.000001 0.000000 0.000000 0.000000 0.000000 0.000000 0.000000 0.000000 0.000000 0.000165 0.000000 0.005680 0.000000 0.000000 0.000000 0.000000 0.121596 0.000025 0.007167 0.000000 0.000014 0.000000 0.000000 0.000000 0.000071 0.000000 0.000000 0.000008 0.000000 0.000000 0.000000 0.000199 0.000001 0.000000 0.000149 0.245019 0.053155 0.000000 0.000000 0.000070 0.000000 0.000000 0.000000 0.000000 0.000000 0.000000 0.269698 0.000000 0.000000 0.000000
 0.000222 0.000000 0.017656 0.000000 0.006092 0.000000 0.000003 0.004668 0.000000 0.000000 0.034623 0.000000 0.125346 0.000000 0.001271 0.000000 0.000000 0.000195 0.000000 0.000000 0.000000 0.000002 0.000000 0.000010 0.000000 0.000000 0.000000 0.000000 0.000000 0.000152 0.000000 0.000000 0.000000 0.000020 0.000000 0.151517 0.000000 0.000000 0.000019 0.000002 0.000002 0.000001 0.000000 0.000000 0.000000 0.000000 0.020662 0.000122 0.002018 0.000000 0.000541 0.000507 0.003983 0.000000 0.000000 0.000000 0.013097 0.000000 0.000000 0.000462 0.000364 0.000000 0.000000 0.000992 0.015539 0.000000 0.089079 0.000534 0.060820 0.000000 0.000520 0.000000 0.000000 0.000000 0.000000 0.000000 0.000000 0.000000 0.000000 0.000314 0.035725 0.000000 0.000251 0.000000 0.000000 0.000000 0.000000 0.000000 0.000000 0.034530 0.364927 0.000000 0.000000 0.000000 0.000000 0.000000 0.000534 0.000000 0.012678 0.000000
 0.000007 0.000000 0.000000 0.000000 0.000069 0.000000 0.000001 0.000376 0.000000 0.000000 0.000021 0.000000 0.000038 0.000000 0.000016 0.000000 0.000000 0.000009 0.000000 0.000000 0.000000 0.000003 0.000000 0.000003 0.000000 0.000000 0.000000 0.000000 0.000000 0.020476 0.000000 0.000000 0.000000 0.000003 0.000000 0.000002 0.000000 0.000000 0.000008 0.000000 0.000001 0.000000 0.000000 0.000000 0.000000 0.000000 0.000000 0.132252 0.000000 0.000000 0.057478 0.000004 0.000001 0.000000 0.000000 0.000000 0.000000 0.000000 0.000000 0.000013 0.000008 0.000000 0.000000 0.011719 0.000007 0.000000 0.000052 0.001090 0.004937 0.000000 0.000058 0.000000 0.000000 0.000000 0.000000 0.000000 0.000000 0.000000 0.000000 0.247551 0.153997 0.000000 0.019522 0.000000 0.000000 0.000000 0.000000 0.000000 0.000000 0.172982 0.177295 0.000000 0.000000 0.000000 0.000000 0.000000 0.000000 0.000000 0.000001 0.000000
 0.000000 0.000610 0.000000 0.000000 0.000000 0.000000 0.000000 0.000000 0.000000 0.000000 0.000002 0.000000 0.000000 0.000000 0.000000 0.041449 0.000000 0.000000 0.000000 0.000000 0.000000 0.000000 0.000688 0.000000 0.000000 0.000000 0.000000 0.000287 0.000001 0.000000 0.178931 0.000000 0.000000 0.000000 0.000002 0.000000 0.000423 0.000000 0.000000 0.000000 0.000000 0.000000 0.000000 0.000003 0.011144 0.000000 0.000004 0.000000 0.000000 0.000000 0.000000 0.000010 0.000000 0.000000 0.000001 0.000000 0.000055 0.019290 0.033715 0.000000 0.000000 0.000000 0.000000 0.000000 0.000000 0.000003 0.000000 0.000000 0.000000 0.000000 0.000000 0.000000 0.000000 0.000000 0.000000 0.230775 0.000378 0.000000 0.000000 0.000000 0.000000 0.000000 0.000000 0.047488 0.000000 0.000000 0.000000 0.129508 0.004143 0.000000 0.000000 0.000000 0.003958 0.052123 0.010637 0.000000 0.000000 0.234369 0.000000 0.000002
 0.000277 0.000000 0.000034 0.000072 0.000000 0.000000 0.000000 0.001793 0.000025 0.000000 0.000001 0.000121 0.266369 0.000253 0.134703 0.000000 0.000000 0.000340 0.000000 0.000001 0.029839 0.000000 0.000000 0.000000 0.000000 0.000001 0.000000 0.000000 0.000000 0.000002 0.000000 0.000079 0.000000 0.000000 0.000000 0.000003 0.000000 0.000000 0.000000 0.000000 0.000000 0.000000 0.000000 0.000000 0.000000 0.000000 0.000001 0.000004 0.061961 0.000000 0.000011 0.000000 0.000001 0.000000 0.000000 0.000000 0.000000 0.000000 0.000000 0.000320 0.000000 0.000394 0.092193 0.040813 0.000032 0.000000 0.000015 0.000030 0.042282 0.000000 0.000015 0.000000 0.000000 0.000000 0.000901 0.000000 0.000000 0.000021 0.000000 0.000001 0.000005 0.001126 0.000006 0.000000 0.000400 0.116516 0.002480 0.000000 0.000000 0.000266 0.000289 0.000000 0.000000 0.000000 0.000000 0.000000 0.206004 0.000000 0.000001 0.000000
 0.001153 0.000000 0.000000 0.000000 0.000000 0.000000 0.000000 0.094718 0.000000 0.000000 0.000000 0.000000 0.000289 0.000022 0.000434 0.000000 0.000000 0.000225 0.000000 0.000000 0.000017 0.000000 0.000000 0.000000 0.000000 0.000000 0.000000 0.000000 0.000000 0.000043 0.000000 0.000000 0.000000 0.000000 0.000000 0.000000 0.000000 0.000000 0.000000 0.000000 0.000000 0.000000 0.000000 0.000000 0.000000 0.000000 0.000000 0.004476 0.000002 0.000000 0.053921 0.000000 0.000000 0.000000 0.000000 0.000000 0.000000 0.000000 0.000000 0.004421 0.000000 0.000067 0.000038 0.000496 0.001343 0.000000 0.000061 0.000103 0.104577 0.000000 0.369161 0.000000 0.000000 0.000000 0.000000 0.000000 0.000000 0.000000 0.000000 0.000011 0.000041 0.000000 0.248634 0.000000 0.000005 0.000047 0.000128 0.000000 0.000000 0.115476 0.000065 0.000000 0.000000 0.000000 0.000000 0.000000 0.000027 0.000000 0.000000 0.000000
 0.043657 0.000000 0.000003 0.000000 0.000001 0.000000 0.000000 0.207574 0.000000 0.000000 0.000006 0.000000 0.052051 0.000034 0.157691 0.000000 0.000000 0.005009 0.000000 0.000000 0.000042 0.000000 0.000000 0.000000 0.000000 0.000000 0.000000 0.000000 0.000000 0.000031 0.000000 0.000000 0.000000 0.000000 0.000000 0.000024 0.000000 0.000000 0.000000 0.000000 0.000000 0.000000 0.000000 0.000000 0.000000 0.000000 0.000005 0.000273 0.000120 0.000000 0.004677 0.000000 0.000001 0.000000 0.000000 0.000000 0.000009 0.000000 0.000000 0.087407 0.000000 0.001284 0.006888 0.035320 0.003802 0.000000 0.053594 0.065368 0.000053 0.000000 0.026074 0.000000 0.000000 0.000000 0.000000 0.000000 0.000000 0.000000 0.000000 0.000048 0.000485 0.000000 0.002079 0.000000 0.000002 0.004143 0.001019 0.000000 0.000000 0.163375 0.026420 0.000000 0.000000 0.000000 0.000000 0.000000 0.051432 0.000000 0.000001 0.000000
 0.000000 0.000000 0.000000 0.000000 0.000000 0.000000 0.000000 0.000000 0.007937 0.000000 0.000000 0.000000 0.000000 0.000000 0.000000 0.000000 0.053759 0.000000 0.000240 0.000798 0.000000 0.000000 0.000000 0.000000 0.000000 0.001010 0.001297 0.000232 0.000000 0.000000 0.000000 0.000000 0.000000 0.000000 0.000000 0.000000 0.000093 0.333283 0.000000 0.000000 0.000000 0.000000 0.000000 0.000000 0.000000 0.000506 0.000000 0.000000 0.000000 0.000372 0.000000 0.000000 0.000000 0.114892 0.000000 0.000235 0.000000 0.000000 0.000000 0.000000 0.000000 0.000000 0.000000 0.000000 0.000000 0.000000 0.000000 0.000000 0.000000 0.000000 0.000000 0.478452 0.003259 0.002191 0.000000 0.000000 0.000000 0.000811 0.000000 0.000000 0.000000 0.000000 0.000000 0.000000 0.000000 0.000000 0.000000 0.000000 0.000000 0.000000 0.000000 0.000633 0.000000 0.000000 0.000000 0.000000 0.000000 0.000000 0.000000 0.000000
 0.128138 0.000000 0.000000 0.000000 0.000000 0.000000 0.000000 0.209803 0.000000 0.000000 0.000000 0.000000 0.000400 0.000010 0.000445 0.000000 0.000000 0.141233 0.000000 0.000000 0.000082 0.000000 0.000000 0.000000 0.000000 0.000000 0.000000 0.000000 0.000000 0.000003 0.000000 0.000000 0.000000 0.000000 0.000000 0.000000 0.000000 0.000000 0.000000 0.000000 0.000000 0.000000 0.000000 0.000000 0.000000 0.000000 0.000000 0.000022 0.000004 0.000000 0.000771 0.000000 0.000000 0.000000 0.000000 0.000000 0.000000 0.000000 0.000000 0.107195 0.000000 0.000194 0.000021 0.000472 0.000070 0.000000 0.000031 0.360337 0.040717 0.000000 0.000412 0.000000 0.000000 0.000000 0.000000 0.000000 0.000000 0.000000 0.000000 0.000001 0.000031 0.000000 0.001158 0.000000 0.000008 0.000025 0.000117 0.000000 0.000000 0.008052 0.000227 0.000000 0.000000 0.000000 0.000000 0.000000 0.000018 0.000000 0.000000 0.000000
 0.000000 0.000000 0.000000 0.000000 0.000000 0.000000 0.000000 0.000000 0.023065 0.000013 0.000000 0.000000 0.000000 0.000000 0.000000 0.000000 0.499990 0.000000 0.000013 0.000474 0.000000 0.000000 0.000000 0.000000 0.000000 0.002259 0.000277 0.000054 0.000000 0.000000 0.000000 0.000000 0.000001 0.000000 0.000000 0.000000 0.000004 0.138927 0.000000 0.000000 0.000000 0.000000 0.000000 0.000000 0.000000 0.000049 0.000000 0.000000 0.000000 0.000053 0.000000 0.000000 0.000000 0.003080 0.000000 0.000031 0.000000 0.000000 0.000000 0.000000 0.000000 0.000000 0.000000 0.000000 0.000000 0.000000 0.000000 0.000000 0.000000 0.327891 0.000000 0.000003 0.001022 0.002264 0.000000 0.000000 0.000000 0.000131 0.000000 0.000000 0.000000 0.000000 0.000000 0.000000 0.000000 0.000000 0.000000 0.000000 0.000000 0.000000 0.000000 0.000400 0.000000 0.000000 0.000000 0.000000 0.000000 0.000000 0.000000 0.000000
 0.000000 0.000000 0.000000 0.000000 0.000000 0.000000 0.000000 0.000000 0.000188 0.000520 0.000000 0.000000 0.000000 0.000000 0.000000 0.000000 0.052989 0.000000 0.037807 0.001796 0.000000 0.000000 0.000000 0.000000 0.000000 0.000141 0.029872 0.020417 0.000000 0.000000 0.000000 0.000000 0.000012 0.000000 0.000000 0.000000 0.001858 0.051093 0.000000 0.000000 0.000000 0.000000 0.000000 0.000000 0.000000 0.187277 0.000000 0.000000 0.000000 0.197884 0.000000 0.000000 0.000000 0.192472 0.000000 0.117207 0.000000 0.000000 0.000000 0.000000 0.000000 0.000000 0.000000 0.000000 0.000000 0.000000 0.000000 0.000000 0.000000 0.000999 0.000000 0.000457 0.000005 0.001681 0.000000 0.000000 0.000000 0.000612 0.000000 0.000000 0.000000 0.000000 0.000000 0.000000 0.000000 0.000000 0.000000 0.000000 0.000000 0.000000 0.000000 0.104713 0.000000 0.000000 0.000000 0.000000 0.000000 0.000000 0.000000 0.000000
 0.000000 0.000000 0.000407 0.000014 0.000000 0.000001 0.000000 0.000000 0.106291 0.000722 0.000000 0.000000 0.000019 0.000000 0.000000 0.000000 0.112527 0.000000 0.000017 0.310223 0.000001 0.000000 0.000000 0.000000 0.000000 0.312713 0.017548 0.000566 0.000000 0.000000 0.000000 0.000240 0.004697 0.000000 0.000000 0.000000 0.000049 0.000133 0.000000 0.000000 0.000000 0.000000 0.000000 0.000000 0.000000 0.000873 0.000081 0.000000 0.000001 0.000701 0.000000 0.000000 0.000000 0.000135 0.000000 0.001094 0.000000 0.000000 0.000000 0.000000 0.000000 0.000000 0.000000 0.000000 0.000000 0.000000 0.000000 0.000000 0.000000 0.000791 0.000000 0.001193 0.001979 0.000001 0.000004 0.000000 0.000000 0.090768 0.000006 0.000000 0.000000 0.000003 0.000000 0.000000 0.000000 0.000000 0.000000 0.000000 0.000000 0.000000 0.000000 0.036196 0.000000 0.000000 0.000000 0.000000 0.000000 0.000000 0.000006 0.000000
 0.000000 0.000000 0.001714 0.146450 0.000000 0.000002 0.000000 0.000000 0.001099 0.000008 0.000000 0.001021 0.018123 0.001003 0.000049 0.000000 0.000000 0.000000 0.000000 0.000020 0.287738 0.000000 0.000000 0.000000 0.000000 0.000076 0.000000 0.000000 0.000000 0.000000 0.000000 0.031069 0.000002 0.000000 0.000000 0.000000 0.000000 0.000000 0.000000 0.000000 0.000000 0.000000 0.000000 0.000000 0.000000 0.000000 0.000060 0.000000 0.235442 0.000000 0.000000 0.000000 0.000000 0.000000 0.000000 0.000000 0.000000 0.000000 0.000000 0.000000 0.000000 0.000040 0.000097 0.000000 0.000000 0.000000 0.001630 0.000000 0.000000 0.000000 0.000000 0.000000 0.000000 0.000005 0.000001 0.000000 0.000000 0.003267 0.000007 0.000000 0.000000 0.253299 0.000000 0.000000 0.009503 0.002960 0.005099 0.000000 0.000000 0.000000 0.000000 0.000000 0.000000 0.000000 0.000000 0.000000 0.000202 0.000000 0.000015 0.000000
 0.000000 0.000020 0.000000 0.000000 0.000000 0.000000 0.000000 0.000000 0.000000 0.000000 0.000007 0.000000 0.000000 0.000000 0.000000 0.008122 0.000000 0.000000 0.000000 0.000000 0.000000 0.000000 0.001191 0.000000 0.000000 0.000000 0.000000 0.003629 0.000002 0.000000 0.029084 0.000000 0.000000 0.000000 0.000003 0.000000 0.004064 0.000000 0.000000 0.000000 0.000000 0.000000 0.000000 0.000003 0.000721 0.000000 0.000027 0.000000 0.000000 0.000000 0.000000 0.000005 0.000000 0.000000 0.000000 0.000000 0.000006 0.118082 0.130595 0.000000 0.000000 0.000000 0.000000 0.000000 0.000000 0.281877 0.000000 0.000000 0.000000 0.000000 0.000000 0.000000 0.000000 0.000000 0.000000 0.000010 0.007175 0.000000 0.000000 0.000000 0.000000 0.000000 0.000000 0.029211 0.000000 0.000000 0.000000 0.127826 0.007541 0.000000 0.000000 0.000000 0.087803 0.023489 0.056847 0.000000 0.000000 0.082658 0.000000 0.000002
 0.000000 0.000002 0.000004 0.000000 0.000000 0.000288 0.000000 0.000000 0.000000 0.000006 0.000000 0.000000 0.000000 0.000000 0.000000 0.000007 0.000000 0.000000 0.000000 0.000000 0.000000 0.000000 0.000015 0.000000 0.000000 0.000000 0.000002 0.240330 0.000000 0.000000 0.000058 0.000000 0.000000 0.000000 0.000000 0.000000 0.150218 0.000000 0.000000 0.000000 0.000000 0.000000 0.000000 0.000000 0.000075 0.000000 0.000001 0.000000 0.000000 0.000000 0.000000 0.000000 0.000012 0.000000 0.000000 0.000006 0.000002 0.000326 0.247932 0.000000 0.000000 0.000000 0.000000 0.000000 0.000000 0.000404 0.000000 0.000000 0.000000 0.000000 0.000000 0.000000 0.000000 0.000000 0.000000 0.006280 0.000001 0.000000 0.000027 0.000000 0.000000 0.000000 0.000000 0.000055 0.000000 0.000000 0.000000 0.000077 0.000067 0.000000 0.000000 0.000001 0.162472 0.004014 0.187099 0.000000 0.000000 0.000215 0.000003 0.000000
 0.000000 0.000000 0.004949 0.071304 0.000000 0.000001 0.000000 0.000000 0.129900 0.001242 0.000000 0.000592 0.000415 0.000237 0.000007 0.000000 0.003380 0.000000 0.000006 0.257187 0.000655 0.000000 0.000000 0.000000 0.000000 0.162828 0.068062 0.000078 0.000000 0.000000 0.000000 0.151061 0.053574 0.000000 0.000000 0.000000 0.000015 0.000224 0.000000 0.000000 0.000000 0.000000 0.000000 0.000000 0.000000 0.000176 0.000187 0.000000 0.000378 0.000164 0.000000 0.000000 0.000000 0.000329 0.000000 0.000261 0.000000 0.000000 0.000000 0.000000 0.000000 0.000034 0.000006 0.000000 0.000000 0.000000 0.000021 0.000000 0.000000 0.000206 0.000000 0.000048 0.000507 0.063838 0.001829 0.000000 0.000000 0.000004 0.000017 0.000000 0.000000 0.004023 0.000000 0.000000 0.000895 0.000044 0.000340 0.000000 0.000000 0.000000 0.000000 0.020914 0.000000 0.000000 0.000000 0.000000 0.000008 0.000000 0.000052 0.000000
 0.000000 0.000000 0.129073 0.000011 0.000000 0.376692 0.000000 0.000000 0.000000 0.185666 0.000000 0.000000 0.000051 0.000000 0.000000 0.000000 0.000000 0.000000 0.000000 0.000034 0.000001 0.000000 0.000000 0.000000 0.000000 0.000006 0.005016 0.000289 0.000000 0.000000 0.000000 0.000001 0.005281 0.000000 0.000000 0.000000 0.000039 0.000000 0.000000 0.000000 0.000000 0.000000 0.000000 0.000000 0.000000 0.000000 0.007179 0.000000 0.000008 0.000000 0.000000 0.000000 0.127294 0.000000 0.000000 0.000037 0.002426 0.000000 0.000130 0.000000 0.000000 0.000000 0.000000 0.000000 0.000000 0.000000 0.000000 0.000000 0.000000 0.000000 0.000000 0.000000 0.000000 0.000012 0.000012 0.000000 0.000060 0.000052 0.000004 0.000000 0.000000 0.000004 0.000000 0.000000 0.000000 0.000000 0.000000 0.000000 0.000000 0.000000 0.000000 0.000112 0.000000 0.006790 0.001842 0.000000 0.000000 0.001351 0.150529 0.000000
 0.000000 0.000000 0.000000 0.000000 0.004363 0.000000 0.000018 0.000004 0.000000 0.000000 0.000504 0.000000 0.000004 0.000000 0.000000 0.000000 0.000000 0.000000 0.000000 0.000000 0.000000 0.000547 0.000000 0.000012 0.000007 0.000000 0.000000 0.000000 0.000000 0.183692 0.000000 0.000000 0.000000 0.000036 0.000000 0.000001 0.000000 0.000000 0.000008 0.000010 0.000029 0.000009 0.000003 0.000000 0.000000 0.000000 0.000000 0.215267 0.000001 0.000000 0.000215 0.000002 0.000000 0.000000 0.000011 0.000000 0.000000 0.000000 0.000000 0.000000 0.000070 0.000000 0.000000 0.000185 0.192676 0.000000 0.000001 0.000007 0.000048 0.000000 0.000001 0.000000 0.000000 0.000000 0.000000 0.000000 0.000000 0.000000 0.000000 0.000001 0.388724 0.000000 0.000054 0.000000 0.000000 0.000000 0.000000 0.000000 0.000000 0.001630 0.011855 0.000000 0.000000 0.000000 0.000000 0.000001 0.000000 0.000000 0.000001 0.000000
 0.000002 0.000000 0.000001 0.000000 0.199591 0.000000 0.000783 0.000026 0.000000 0.000000 0.040577 0.000000 0.000012 0.000000 0.000001 0.000000 0.000000 0.000003 0.000000 0.000000 0.000000 0.038090 0.000000 0.000397 0.000082 0.000000 0.000000 0.000000 0.000000 0.121409 0.000000 0.000000 0.000000 0.003999 0.000000 0.000213 0.000000 0.000000 0.000125 0.000184 0.002117 0.000146 0.000040 0.000000 0.000000 0.000000 0.000001 0.015862 0.000001 0.000000 0.000642 0.000206 0.000000 0.000000 0.000067 0.000000 0.000000 0.000000 0.000000 0.000003 0.019096 0.000000 0.000000 0.016668 0.095271 0.000000 0.000005 0.000021 0.000389 0.000000 0.000016 0.000000 0.000000 0.000000 0.000000 0.000000 0.000000 0.000000 0.000000 0.308977 0.000026 0.000000 0.000074 0.000000 0.000000 0.000000 0.000000 0.000000 0.000000 0.002374 0.132492 0.000000 0.000000 0.000000 0.000000 0.000008 0.000001 0.000000 0.000001 0.000000
 0.000000 0.000000 0.000270 0.187971 0.000000 0.000001 0.000000 0.000000 0.014918 0.000001 0.000000 0.022723 0.003861 0.021603 0.000089 0.000000 0.000000 0.000000 0.000000 0.000060 0.213926 0.000000 0.000000 0.000000 0.000000 0.000262 0.000000 0.000000 0.000000 0.000000 0.000000 0.083404 0.000001 0.000000 0.000000 0.000000 0.000000 0.000000 0.000000 0.000000 0.000000 0.000000 0.000000 0.000000 0.000000 0.000000 0.000020 0.000000 0.034913 0.000000 0.000000 0.000000 0.000000 0.000000 0.000000 0.000000 0.000000 0.000000 0.000000 0.000000 0.000000 0.000127 0.000234 0.000000 0.000000 0.000000 0.001746 0.000000 0.000000 0.000000 0.000000 0.000000 0.000000 0.000004 0.217051 0.000000 0.000000 0.006158 0.000002 0.000000 0.000000 0.000003 0.000000 0.000000 0.153475 0.006936 0.029790 0.000000 0.000000 0.000000 0.000000 0.000000 0.000000 0.000000 0.000000 0.000000 0.000447 0.000000 0.000005 0.000000
 0.000008 0.000000 0.000000 0.000000 0.000000 0.000000 0.000000 0.000924 0.000000 0.000000 0.000000 0.000000 0.000039 0.000000 0.000017 0.000000 0.000000 0.000009 0.000000 0.000000 0.000001 0.000000 0.000000 0.000000 0.000000 0.000000 0.000000 0.000000 0.000000 0.000285 0.000000 0.000000 0.000000 0.000000 0.000000 0.000000 0.000000 0.000000 0.000000 0.000000 0.000000 0.000000 0.000000 0.000000 0.000000 0.000000 0.000000 0.072668 0.000000 0.000000 0.334309 0.000000 0.000000 0.000000 0.000000 0.000000 0.000000 0.000000 0.000000 0.000020 0.000000 0.000002 0.000002 0.000331 0.034212 0.000000 0.000016 0.353714 0.004732 0.000000 0.001688 0.000000 0.000000 0.000000 0.000000 0.000000 0.000000 0.000000 0.000000 0.000122 0.000209 0.000000 0.000001 0.000000 0.000000 0.000001 0.000013 0.000000 0.000000 0.196464 0.000214 0.000000 0.000000 0.000000 0.000000 0.000000 0.000001 0.000000 0.000000 0.000000
 0.000000 0.051456 0.000000 0.000000 0.000000 0.000000 0.000000 0.000000 0.000000 0.000000 0.000005 0.000000 0.000000 0.000000 0.000000 0.007554 0.000000 0.000000 0.000000 0.000000 0.000000 0.000000 0.177363 0.000000 0.000000 0.000000 0.000000 0.000083 0.000001 0.000000 0.243391 0.000000 0.000000 0.000000 0.000002 0.000000 0.000156 0.000000 0.000001 0.000000 0.000000 0.000000 0.000000 0.000017 0.023034 0.000000 0.000001 0.000000 0.000000 0.000000 0.000000 0.000033 0.000000 0.000000 0.000001 0.000000 0.000019 0.019513 0.001647 0.000000 0.000000 0.000000 0.000000 0.000000 0.000000 0.048272 0.000000 0.000000 0.000000 0.000000 0.000000 0.000000 0.000000 0.000000 0.000000 0.024310 0.000053 0.000000 0.000000 0.000000 0.000000 0.000000 0.000000 0.000002 0.000000 0.000000 0.000000 0.304477 0.095259 0.000000 0.000000 0.000000 0.000951 0.000474 0.000470 0.000000 0.000000 0.001444 0.000000 0.000010
 0.000005 0.000000 0.000000 0.015890 0.000000 0.000000 0.000000 0.000001 0.016219 0.000000 0.000000 0.213881 0.000690 0.292232 0.000245 0.000000 0.000000 0.000002 0.000000 0.000071 0.129966 0.000000 0.000000 0.000000 0.000000 0.000125 0.000000 0.000000 0.000000 0.000000 0.000000 0.029710 0.000000 0.000000 0.000000 0.000000 0.000000 0.000000 0.000000 0.000000 0.000000 0.000000 0.000000 0.000000 0.000000 0.000000 0.000000 0.000000 0.013806 0.000000 0.000000 0.000000 0.000000 0.000000 0.000000 0.000000 0.000000 0.000000 0.000000 0.000002 0.000000 0.000107 0.000250 0.000000 0.000000 0.000000 0.000883 0.000005 0.000004 0.000000 0.000009 0.000000 0.000000 0.000000 0.011601 0.000000 0.000000 0.001953 0.000000 0.000000 0.000000 0.218641 0.000000 0.000000 0.000001 0.005021 0.048276 0.000000 0.000000 0.000000 0.000000 0.000000 0.000000 0.000000 0.000000 0.000000 0.000404 0.000000 0.000000 0.000000
 0.000340 0.000000 0.000000 0.000217 0.000000 0.000000 0.000000 0.000043 0.000066 0.000000 0.000000 0.000267 0.068266 0.003419 0.120568 0.000000 0.000000 0.000046 0.000000 0.000001 0.091027 0.000000 0.000000 0.000000 0.000000 0.000003 0.000000 0.000000 0.000000 0.000000 0.000000 0.000350 0.000000 0.000000 0.000000 0.000000 0.000000 0.000000 0.000000 0.000000 0.000000 0.000000 0.000000 0.000000 0.000000 0.000000 0.000000 0.000000 0.034733 0.000000 0.000000 0.000000 0.000000 0.000000 0.000000 0.000000 0.000000 0.000000 0.000000 0.000082 0.000000 0.009664 0.213994 0.000000 0.000000 0.000000 0.134216 0.000027 0.003765 0.000000 0.000015 0.000000 0.000000 0.000000 0.001884 0.000000 0.000000 0.000050 0.000000 0.000000 0.000000 0.005152 0.000000 0.000000 0.002618 0.000001 0.077568 0.000000 0.000000 0.000019 0.000000 0.000000 0.000000 0.000000 0.000000 0.000000 0.231599 0.000000 0.000000 0.000000
 0.001074 0.000000 0.000000 0.000801 0.000000 0.000000 0.000000 0.000201 0.000599 0.000000 0.000000 0.009304 0.003752 0.224986 0.201421 0.000000 0.000000 0.025736 0.000000 0.000013 0.084627 0.000000 0.000000 0.000000 0.000000 0.000049 0.000000 0.000000 0.000000 0.000000 0.000000 0.000780 0.000000 0.000000 0.000000 0.000000 0.000000 0.000000 0.000000 0.000000 0.000000 0.000000 0.000000 0.000000 0.000000 0.000000 0.000000 0.000000 0.002370 0.000000 0.000004 0.000000 0.000000 0.000000 0.000000 0.000000 0.000000 0.000000 0.000000 0.000328 0.000000 0.196652 0.058057 0.000000 0.000000 0.000000 0.003572 0.000091 0.001158 0.000000 0.000085 0.000000 0.000000 0.000000 0.004059 0.000000 0.000000 0.000484 0.000000 0.000000 0.000000 0.027675 0.000006 0.000000 0.031482 0.097006 0.000858 0.000000 0.000000 0.000021 0.000000 0.000000 0.000000 0.000000 0.000000 0.000000 0.022748 0.000000 0.000000 0.000000
 0.000000 0.019503 0.000000 0.000000 0.000000 0.000000 0.000000 0.000000 0.000000 0.000000 0.000003 0.000000 0.000000 0.000000 0.000000 0.005354 0.000000 0.000000 0.000000 0.000000 0.000000 0.000000 0.069006 0.000000 0.000000 0.000000 0.000000 0.000079 0.000000 0.000000 0.236339 0.000000 0.000000 0.000000 0.000001 0.000000 0.000162 0.000000 0.000001 0.000000 0.000000 0.000000 0.000000 0.000006 0.010100 0.000000 0.000001 0.000000 0.000000 0.000000 0.000000 0.000011 0.000000 0.000000 0.000001 0.000000 0.000008 0.062441 0.002116 0.000000 0.000000 0.000000 0.000000 0.000000 0.000000 0.128081 0.000000 0.000000 0.000000 0.000000 0.000000 0.000000 0.000000 0.000000 0.000000 0.103498 0.000071 0.000000 0.000000 0.000000 0.000000 0.000000 0.000000 0.296227 0.000000 0.000000 0.000000 0.000002 0.060175 0.000000 0.000000 0.000000 0.001426 0.001075 0.000853 0.000000 0.000000 0.003456 0.000000 0.000003
 0.000000 0.370360 0.000000 0.000000 0.000000 0.000000 0.000000 0.000000 0.000000 0.000000 0.000000 0.000000 0.000000 0.000000 0.000000 0.000250 0.000000 0.000000 0.000000 0.000000 0.000000 0.000000 0.042415 0.000000 0.000000 0.000000 0.000000 0.000159 0.000000 0.000000 0.017931 0.000000 0.000000 0.000000 0.000000 0.000000 0.000425 0.000000 0.000000 0.000000 0.000000 0.000000 0.000000 0.000000 0.003803 0.000000 0.000000 0.000000 0.000000 0.000000 0.000000 0.000000 0.000000 0.000000 0.000000 0.000000 0.000000 0.220494 0.001043 0.000000 0.000000 0.000000 0.000000 0.000000 0.000000 0.008473 0.000000 0.000000 0.000000 0.000000 0.000000 0.000000 0.000000 0.000000 0.000000 0.012624 0.000129 0.000000 0.000000 0.000000 0.000000 0.000000 0.000000 0.191628 0.000000 0.000000 0.000000 0.124423 0.000120 0.000000 0.000000 0.000000 0.001353 0.003259 0.000434 0.000000 0.000000 0.000679 0.000000 0.000000
 0.000233 0.000000 0.000001 0.000000 0.000002 0.000000 0.000000 0.049616 0.000000 0.000000 0.000003 0.000000 0.007589 0.000000 0.001140 0.000000 0.000000 0.000076 0.000000 0.000000 0.000019 0.000000 0.000000 0.000000 0.000000 0.000000 0.000000 0.000000 0.000000 0.000198 0.000000 0.000000 0.000000 0.000000 0.000000 0.000003 0.000000 0.000000 0.000000 0.000000 0.000000 0.000000 0.000000 0.000000 0.000000 0.000000 0.000001 0.022444 0.000003 0.000000 0.202991 0.000000 0.000002 0.000000 0.000000 0.000000 0.000001 0.000000 0.000000 0.000881 0.000000 0.000019 0.000083 0.024718 0.164190 0.000000 0.000416 0.088976 0.201390 0.000000 0.006356 0.000000 0.000000 0.000000 0.000000 0.000000 0.000000 0.000000 0.000000 0.001988 0.003643 0.000000 0.106408 0.000000 0.000000 0.000025 0.000023 0.000000 0.000000 0.000022 0.116466 0.000000 0.000000 0.000000 0.000000 0.000000 0.000072 0.000000 0.000002 0.000000
 0.000012 0.000000 0.000239 0.000000 0.008357 0.000000 0.000003 0.000666 0.000000 0.000000 0.018902 0.000000 0.006098 0.000000 0.000015 0.000000 0.000000 0.000010 0.000000 0.000000 0.000000 0.000003 0.000000 0.000007 0.000000 0.000000 0.000000 0.000000 0.000000 0.000229 0.000000 0.000000 0.000000 0.000018 0.000000 0.002124 0.000000 0.000000 0.000017 0.000001 0.000002 0.000002 0.000000 0.000000 0.000000 0.000000 0.000145 0.000174 0.000134 0.000000 0.001145 0.000042 0.000077 0.000000 0.000000 0.000000 0.000104 0.000000 0.000000 0.000021 0.000100 0.000000 0.000000 0.314764 0.202766 0.000000 0.000544 0.000061 0.039240 0.000000 0.000216 0.000000 0.000000 0.000000 0.000000 0.000000 0.000000 0.000000 0.000000 0.017420 0.244930 0.000000 0.000139 0.000000 0.000000 0.000000 0.000000 0.000000 0.000000 0.140330 0.000207 0.000000 0.000000 0.000000 0.000000 0.000000 0.000292 0.000000 0.000438 0.000000
 0.000000 0.000000 0.000214 0.000000 0.000000 0.000092 0.000000 0.000000 0.005183 0.035461 0.000000 0.000000 0.000000 0.000000 0.000000 0.000000 0.036726 0.000000 0.000445 0.049744 0.000000 0.000000 0.000000 0.000000 0.000000 0.001999 0.351044 0.026014 0.000000 0.000000 0.000000 0.000000 0.006692 0.000000 0.000000 0.000000 0.000559 0.000872 0.000000 0.000000 0.000000 0.000000 0.000000 0.000000 0.000000 0.042585 0.000001 0.000000 0.000000 0.071556 0.000000 0.000000 0.000009 0.000927 0.000000 0.201570 0.000022 0.000000 0.000000 0.000000 0.000000 0.000000 0.000000 0.000000 0.000000 0.000000 0.000000 0.000000 0.000000 0.000203 0.000000 0.000187 0.109341 0.032101 0.000000 0.000000 0.000000 0.026372 0.000047 0.000000 0.000000 0.000000 0.000000 0.000000 0.000000 0.000000 0.000000 0.000000 0.000000 0.000000 0.000000 0.000016 0.000000 0.000006 0.000003 0.000000 0.000000 0.000004 0.000003 0.000000
 0.000000 0.000022 0.000000 0.000000 0.000000 0.000000 0.000000 0.000000 0.000000 0.000000 0.000000 0.000000 0.000000 0.000000 0.000000 0.000074 0.000000 0.000000 0.000000 0.000000 0.000000 0.000000 0.000114 0.000000 0.000000 0.000000 0.000000 0.111433 0.000000 0.000000 0.001092 0.000000 0.000000 0.000000 0.000000 0.000000 0.273767 0.000000 0.000000 0.000000 0.000000 0.000000 0.000000 0.000000 0.000414 0.000000 0.000000 0.000000 0.000000 0.000000 0.000000 0.000000 0.000000 0.000000 0.000000 0.000000 0.000000 0.030320 0.156015 0.000000 0.000000 0.000000 0.000000 0.000000 0.000000 0.006751 0.000000 0.000000 0.000000 0.000000 0.000000 0.000000 0.000000 0.000000 0.000000 0.122617 0.259214 0.000000 0.000000 0.000000 0.000000 0.000000 0.000000 0.001596 0.000000 0.000000 0.000000 0.002459 0.001128 0.000000 0.000000 0.000000 0.000038 0.004410 0.027345 0.000000 0.000000 0.001190 0.000000 0.000000
 0.000000 0.000027 0.000029 0.000000 0.000000 0.037120 0.000000 0.000000 0.000000 0.000050 0.000003 0.000000 0.000000 0.000000 0.000000 0.127332 0.000000 0.000000 0.000000 0.000000 0.000000 0.000000 0.000046 0.000000 0.000000 0.000000 0.000061 0.025836 0.000002 0.000000 0.005743 0.000000 0.000009 0.000000 0.000001 0.000003 0.024729 0.000000 0.000000 0.000000 0.000000 0.000000 0.000000 0.000003 0.031457 0.000000 0.052715 0.000000 0.000000 0.000000 0.000000 0.000022 0.030228 0.000000 0.000000 0.000002 0.099645 0.000114 0.070063 0.000000 0.000000 0.000000 0.000000 0.000000 0.000000 0.046912 0.000000 0.000000 0.000000 0.000000 0.000000 0.000000 0.000000 0.000000 0.000000 0.017308 0.003379 0.000000 0.002609 0.000000 0.000000 0.000000 0.000000 0.000420 0.000000 0.000000 0.000000 0.000978 0.001434 0.000000 0.000000 0.000005 0.002327 0.000059 0.096407 0.000000 0.000000 0.322601 0.000319 0.000003
 0.000000 0.000007 0.000016 0.000000 0.000000 0.013642 0.000000 0.000000 0.000000 0.000086 0.000000 0.000000 0.000000 0.000000 0.000000 0.000082 0.000000 0.000000 0.000000 0.000000 0.000000 0.000000 0.000060 0.000000 0.000000 0.000000 0.000028 0.075685 0.000000 0.000000 0.001052 0.000000 0.000010 0.000000 0.000000 0.000000 0.030878 0.000000 0.000000 0.000000 0.000000 0.000000 0.000000 0.000000 0.000408 0.000000 0.000004 0.000000 0.000000 0.000000 0.000000 0.000000 0.000194 0.000000 0.000000 0.000008 0.000027 0.002190 0.350489 0.000000 0.000000 0.000000 0.000000 0.000000 0.000000 0.012522 0.000000 0.000000 0.000000 0.000000 0.000000 0.000000 0.000000 0.000000 0.000000 0.054790 0.206017 0.000000 0.000925 0.000000 0.000000 0.000000 0.000000 0.000544 0.000000 0.000000 0.000000 0.001015 0.000250 0.000000 0.000000 0.000003 0.018872 0.126101 0.000001 0.000000 0.000000 0.104076 0.000016 0.000000
 0.000000 0.000020 0.000000 0.000000 0.000042 0.000000 0.000650 0.000000 0.000000 0.000000 0.007464 0.000000 0.000000 0.000000 0.000000 0.000016 0.000000 0.000000 0.000000 0.000000 0.000000 0.000051 0.000024 0.000047 0.000451 0.000000 0.000000 0.000000 0.061839 0.000041 0.000007 0.000000 0.000000 0.002751 0.007869 0.000027 0.000000 0.000000 0.441761 0.009158 0.000016 0.000143 0.000134 0.000768 0.000165 0.000000 0.000000 0.000006 0.000000 0.000000 0.000000 0.001562 0.000000 0.000000 0.416352 0.000000 0.000062 0.000000 0.000000 0.000000 0.000118 0.000000 0.000000 0.000000 0.000000 0.000000 0.000000 0.000000 0.000000 0.000000 0.000000 0.000000 0.000000 0.000000 0.000000 0.000000 0.000000 0.000000 0.000000 0.000002 0.000015 0.000000 0.000000 0.000001 0.000000 0.000000 0.000000 0.000000 0.000000 0.000000 0.000000 0.000000 0.000000 0.000000 0.000000 0.000002 0.000000 0.000001 0.000000 0.048435
 0.000248 0.000000 0.000082 0.000017 0.000000 0.000000 0.000000 0.000108 0.000012 0.000000 0.000001 0.000033 0.078062 0.000317 0.127076 0.000000 0.000000 0.000046 0.000000 0.000000 0.024428 0.000000 0.000000 0.000000 0.000000 0.000001 0.000000 0.000000 0.000000 0.000000 0.000000 0.000026 0.000000 0.000000 0.000000 0.000002 0.000000 0.000000 0.000000 0.000000 0.000000 0.000000 0.000000 0.000000 0.000000 0.000000 0.000001 0.000000 0.037782 0.000000 0.000001 0.000000 0.000001 0.000000 0.000000 0.000000 0.000001 0.000000 0.000000 0.000071 0.000000 0.001749 0.223117 0.000267 0.000000 0.000000 0.224777 0.000015 0.044274 0.000000 0.000010 0.000000 0.000000 0.000000 0.000122 0.000000 0.000000 0.000009 0.000000 0.000000 0.000001 0.000315 0.000000 0.000000 0.000200 0.219377 0.017230 0.000000 0.000000 0.000051 0.000169 0.000000 0.000000 0.000000 0.000000 0.000000 0.000000 0.000000 0.000001 0.000000
 0.000000 0.000090 0.000036 0.000000 0.000000 0.010956 0.000000 0.000000 0.000000 0.000065 0.000012 0.000000 0.000000 0.000000 0.000000 0.145899 0.000000 0.000000 0.000000 0.000000 0.000000 0.000000 0.000066 0.000000 0.000000 0.000000 0.000029 0.000268 0.000002 0.000000 0.022412 0.000000 0.000031 0.000000 0.000006 0.000000 0.000407 0.000000 0.000001 0.000000 0.000000 0.000000 0.000000 0.000005 0.007076 0.000000 0.000241 0.000000 0.000000 0.000000 0.000000 0.000118 0.002171 0.000000 0.000002 0.000002 0.040531 0.000190 0.039342 0.000000 0.000000 0.000000 0.000000 0.000000 0.000000 0.226390 0.000000 0.000000 0.000000 0.000000 0.000000 0.000000 0.000000 0.000000 0.000000 0.065369 0.000194 0.000000 0.000557 0.000000 0.000000 0.000000 0.000000 0.001373 0.000000 0.000000 0.000000 0.003375 0.000321 0.000000 0.000000 0.000004 0.000674 0.346239 0.085399 0.000001 0.000000 0.000086 0.000056 0.000007
 0.000000 0.000000 0.193216 0.000017 0.000001 0.095435 0.000000 0.000000 0.000000 0.002040 0.000008 0.000000 0.001390 0.000000 0.000000 0.000000 0.000000 0.000000 0.000000 0.000024 0.000001 0.000000 0.000000 0.000000 0.000000 0.000010 0.000034 0.000029 0.000000 0.000000 0.000000 0.000003 0.000186 0.000000 0.000000 0.000051 0.000007 0.000000 0.000000 0.000000 0.000000 0.000000 0.000000 0.000000 0.000000 0.000000 0.255822 0.000000 0.000090 0.000000 0.000000 0.000000 0.306170 0.000000 0.000000 0.000002 0.045663 0.000000 0.000003 0.000000 0.000000 0.000000 0.000000 0.010415 0.000001 0.000000 0.000002 0.000000 0.000001 0.000000 0.000000 0.000000 0.000000 0.000008 0.000014 0.000000 0.000003 0.000092 0.088238 0.000001 0.000001 0.000006 0.000000 0.000000 0.000000 0.000000 0.000000 0.000000 0.000000 0.000002 0.000417 0.000005 0.000000 0.000487 0.000019 0.000000 0.000002 0.000080 0.000004 0.000000
 0.000000 0.000605 0.000000 0.000000 0.000000 0.000000 0.000003 0.000000 0.000000 0.000000 0.036455 0.000000 0.000000 0.000000 0.000000 0.001818 0.000000 0.000000 0.000000 0.000000 0.000000 0.000000 0.003077 0.000000 0.000000 0.000000 0.000000 0.000000 0.241451 0.000000 0.000234 0.000000 0.000000 0.000016 0.074532 0.000300 0.000000 0.000000 0.071566 0.000016 0.000000 0.000000 0.000000 0.249072 0.059186 0.000000 0.000014 0.000000 0.000000 0.000000 0.000000 0.190537 0.000000 0.000000 0.010075 0.000000 0.001399 0.000000 0.000000 0.000000 0.000027 0.000000 0.000000 0.000000 0.000000 0.000004 0.000000 0.000000 0.000000 0.000000 0.000000 0.000000 0.000000 0.000000 0.000000 0.000003 0.000000 0.000000 0.000000 0.000000 0.000000 0.000000 0.000000 0.000017 0.000000 0.000000 0.000000 0.000006 0.000000 0.000000 0.000000 0.000000 0.000000 0.000006 0.000000 0.059565 0.000000 0.000013 0.000000 0.000002
